687,239,2+3rMEQ0BCXxwWETGTApfFttsVI=,ikwrOM3cq4mwmNx2uZujaw71CR8=
685,239,2+3rMEQ0BCXxwWETGTApfFttsVI=,ikwrOM3cq4mwmNx2uZujaw71CR8=
686,239,2+3rMEQ0BCXxwWETGTApfFttsVI=,ikwrOM3cq4mwmNx2uZujaw71CR8=
684,239,2+3rMEQ0BCXxwWETGTApfFttsVI=,ikwrOM3cq4mwmNx2uZujaw71CR8=
683,239,2+3rMEQ0BCXxwWETGTApfFttsVI=,ikwrOM3cq4mwmNx2uZujaw71CR8=
682,239,2+3rMEQ0BCXxwWETGTApfFttsVI=,ikwrOM3cq4mwmNx2uZujaw71CR8=
681,239,2+3rMEQ0BCXxwWETGTApfFttsVI=,ikwrOM3cq4mwmNx2uZujaw71CR8=
680,239,2+3rMEQ0BCXxwWETGTApfFttsVI=,ikwrOM3cq4mwmNx2uZujaw71CR8=
686,226,2+3rMEQ0BCXxwWETGTApfFttsVI=,ikwrOM3cq4mwmNx2uZujaw71CR8=
679,239,2+3rMEQ0BCXxwWETGTApfFttsVI=,ikwrOM3cq4mwmNx2uZujaw71CR8=
678,239,2+3rMEQ0BCXxwWETGTApfFttsVI=,ikwrOM3cq4mwmNx2uZujaw71CR8=
687,226,2+3rMEQ0BCXxwWETGTApfFttsVI=,ikwrOM3cq4mwmNx2uZujaw71CR8=
685,226,2+3rMEQ0BCXxwWETGTApfFttsVI=,ikwrOM3cq4mwmNx2uZujaw71CR8=
672,227,2+3rMEQ0BCXxwWETGTApfFttsVI=,ikwrOM3cq4mwmNx2uZujaw71CR8=
676,239,2+3rMEQ0BCXxwWETGTApfFttsVI=,ikwrOM3cq4mwmNx2uZujaw71CR8=
673,227,2+3rMEQ0BCXxwWETGTApfFttsVI=,ikwrOM3cq4mwmNx2uZujaw71CR8=
675,224,2+3rMEQ0BCXxwWETGTApfFttsVI=,ikwrOM3cq4mwmNx2uZujaw71CR8=
677,239,2+3rMEQ0BCXxwWETGTApfFttsVI=,ikwrOM3cq4mwmNx2uZujaw71CR8=
674,227,2+3rMEQ0BCXxwWETGTApfFttsVI=,ikwrOM3cq4mwmNx2uZujaw71CR8=
672,226,2+3rMEQ0BCXxwWETGTApfFttsVI=,ikwrOM3cq4mwmNx2uZujaw71CR8=
675,227,2+3rMEQ0BCXxwWETGTApfFttsVI=,ikwrOM3cq4mwmNx2uZujaw71CR8=
677,227,2+3rMEQ0BCXxwWETGTApfFttsVI=,ikwrOM3cq4mwmNx2uZujaw71CR8=
678,227,2+3rMEQ0BCXxwWETGTApfFttsVI=,ikwrOM3cq4mwmNx2uZujaw71CR8=
679,227,2+3rMEQ0BCXxwWETGTApfFttsVI=,ikwrOM3cq4mwmNx2uZujaw71CR8=
676,224,2+3rMEQ0BCXxwWETGTApfFttsVI=,ikwrOM3cq4mwmNx2uZujaw71CR8=
676,227,2+3rMEQ0BCXxwWETGTApfFttsVI=,ikwrOM3cq4mwmNx2uZujaw71CR8=
680,227,2+3rMEQ0BCXxwWETGTApfFttsVI=,ikwrOM3cq4mwmNx2uZujaw71CR8=
681,227,2+3rMEQ0BCXxwWETGTApfFttsVI=,ikwrOM3cq4mwmNx2uZujaw71CR8=
682,227,2+3rMEQ0BCXxwWETGTApfFttsVI=,ikwrOM3cq4mwmNx2uZujaw71CR8=
674,239,2+3rMEQ0BCXxwWETGTApfFttsVI=,ikwrOM3cq4mwmNx2uZujaw71CR8=
683,227,2+3rMEQ0BCXxwWETGTApfFttsVI=,ikwrOM3cq4mwmNx2uZujaw71CR8=
684,227,2+3rMEQ0BCXxwWETGTApfFttsVI=,ikwrOM3cq4mwmNx2uZujaw71CR8=
673,239,2+3rMEQ0BCXxwWETGTApfFttsVI=,ikwrOM3cq4mwmNx2uZujaw71CR8=
685,227,2+3rMEQ0BCXxwWETGTApfFttsVI=,ikwrOM3cq4mwmNx2uZujaw71CR8=
686,227,2+3rMEQ0BCXxwWETGTApfFttsVI=,ikwrOM3cq4mwmNx2uZujaw71CR8=
673,225,2+3rMEQ0BCXxwWETGTApfFttsVI=,ikwrOM3cq4mwmNx2uZujaw71CR8=
673,226,2+3rMEQ0BCXxwWETGTApfFttsVI=,ikwrOM3cq4mwmNx2uZujaw71CR8=
687,225,2+3rMEQ0BCXxwWETGTApfFttsVI=,ikwrOM3cq4mwmNx2uZujaw71CR8=
687,227,2+3rMEQ0BCXxwWETGTApfFttsVI=,ikwrOM3cq4mwmNx2uZujaw71CR8=
672,239,2+3rMEQ0BCXxwWETGTApfFttsVI=,ikwrOM3cq4mwmNx2uZujaw71CR8=
673,228,2+3rMEQ0BCXxwWETGTApfFttsVI=,ikwrOM3cq4mwmNx2uZujaw71CR8=
672,228,2+3rMEQ0BCXxwWETGTApfFttsVI=,ikwrOM3cq4mwmNx2uZujaw71CR8=
687,238,2+3rMEQ0BCXxwWETGTApfFttsVI=,ikwrOM3cq4mwmNx2uZujaw71CR8=
672,224,2+3rMEQ0BCXxwWETGTApfFttsVI=,ikwrOM3cq4mwmNx2uZujaw71CR8=
674,228,2+3rMEQ0BCXxwWETGTApfFttsVI=,ikwrOM3cq4mwmNx2uZujaw71CR8=
686,225,2+3rMEQ0BCXxwWETGTApfFttsVI=,ikwrOM3cq4mwmNx2uZujaw71CR8=
685,225,2+3rMEQ0BCXxwWETGTApfFttsVI=,ikwrOM3cq4mwmNx2uZujaw71CR8=
675,228,2+3rMEQ0BCXxwWETGTApfFttsVI=,ikwrOM3cq4mwmNx2uZujaw71CR8=
674,226,2+3rMEQ0BCXxwWETGTApfFttsVI=,ikwrOM3cq4mwmNx2uZujaw71CR8=
684,225,2+3rMEQ0BCXxwWETGTApfFttsVI=,ikwrOM3cq4mwmNx2uZujaw71CR8=
676,228,2+3rMEQ0BCXxwWETGTApfFttsVI=,ikwrOM3cq4mwmNx2uZujaw71CR8=
683,225,2+3rMEQ0BCXxwWETGTApfFttsVI=,ikwrOM3cq4mwmNx2uZujaw71CR8=
677,224,2+3rMEQ0BCXxwWETGTApfFttsVI=,ikwrOM3cq4mwmNx2uZujaw71CR8=
677,228,2+3rMEQ0BCXxwWETGTApfFttsVI=,ikwrOM3cq4mwmNx2uZujaw71CR8=
682,225,2+3rMEQ0BCXxwWETGTApfFttsVI=,ikwrOM3cq4mwmNx2uZujaw71CR8=
678,228,2+3rMEQ0BCXxwWETGTApfFttsVI=,ikwrOM3cq4mwmNx2uZujaw71CR8=
679,228,2+3rMEQ0BCXxwWETGTApfFttsVI=,ikwrOM3cq4mwmNx2uZujaw71CR8=
680,228,2+3rMEQ0BCXxwWETGTApfFttsVI=,ikwrOM3cq4mwmNx2uZujaw71CR8=
681,225,2+3rMEQ0BCXxwWETGTApfFttsVI=,ikwrOM3cq4mwmNx2uZujaw71CR8=
679,225,2+3rMEQ0BCXxwWETGTApfFttsVI=,ikwrOM3cq4mwmNx2uZujaw71CR8=
681,228,2+3rMEQ0BCXxwWETGTApfFttsVI=,ikwrOM3cq4mwmNx2uZujaw71CR8=
677,225,2+3rMEQ0BCXxwWETGTApfFttsVI=,ikwrOM3cq4mwmNx2uZujaw71CR8=
678,225,2+3rMEQ0BCXxwWETGTApfFttsVI=,ikwrOM3cq4mwmNx2uZujaw71CR8=
682,228,2+3rMEQ0BCXxwWETGTApfFttsVI=,ikwrOM3cq4mwmNx2uZujaw71CR8=
683,228,2+3rMEQ0BCXxwWETGTApfFttsVI=,ikwrOM3cq4mwmNx2uZujaw71CR8=
676,225,2+3rMEQ0BCXxwWETGTApfFttsVI=,ikwrOM3cq4mwmNx2uZujaw71CR8=
684,228,2+3rMEQ0BCXxwWETGTApfFttsVI=,ikwrOM3cq4mwmNx2uZujaw71CR8=
685,228,2+3rMEQ0BCXxwWETGTApfFttsVI=,ikwrOM3cq4mwmNx2uZujaw71CR8=
680,225,2+3rMEQ0BCXxwWETGTApfFttsVI=,ikwrOM3cq4mwmNx2uZujaw71CR8=
686,228,2+3rMEQ0BCXxwWETGTApfFttsVI=,ikwrOM3cq4mwmNx2uZujaw71CR8=
674,225,2+3rMEQ0BCXxwWETGTApfFttsVI=,ikwrOM3cq4mwmNx2uZujaw71CR8=
686,238,2+3rMEQ0BCXxwWETGTApfFttsVI=,ikwrOM3cq4mwmNx2uZujaw71CR8=
678,224,2+3rMEQ0BCXxwWETGTApfFttsVI=,ikwrOM3cq4mwmNx2uZujaw71CR8=
674,224,2+3rMEQ0BCXxwWETGTApfFttsVI=,ikwrOM3cq4mwmNx2uZujaw71CR8=
675,225,2+3rMEQ0BCXxwWETGTApfFttsVI=,ikwrOM3cq4mwmNx2uZujaw71CR8=
687,228,2+3rMEQ0BCXxwWETGTApfFttsVI=,ikwrOM3cq4mwmNx2uZujaw71CR8=
684,226,2+3rMEQ0BCXxwWETGTApfFttsVI=,ikwrOM3cq4mwmNx2uZujaw71CR8=
672,229,2+3rMEQ0BCXxwWETGTApfFttsVI=,ikwrOM3cq4mwmNx2uZujaw71CR8=
684,238,2+3rMEQ0BCXxwWETGTApfFttsVI=,ikwrOM3cq4mwmNx2uZujaw71CR8=
673,229,2+3rMEQ0BCXxwWETGTApfFttsVI=,ikwrOM3cq4mwmNx2uZujaw71CR8=
674,229,2+3rMEQ0BCXxwWETGTApfFttsVI=,ikwrOM3cq4mwmNx2uZujaw71CR8=
683,238,2+3rMEQ0BCXxwWETGTApfFttsVI=,ikwrOM3cq4mwmNx2uZujaw71CR8=
682,238,2+3rMEQ0BCXxwWETGTApfFttsVI=,ikwrOM3cq4mwmNx2uZujaw71CR8=
675,229,2+3rMEQ0BCXxwWETGTApfFttsVI=,ikwrOM3cq4mwmNx2uZujaw71CR8=
680,238,2+3rMEQ0BCXxwWETGTApfFttsVI=,ikwrOM3cq4mwmNx2uZujaw71CR8=
681,238,2+3rMEQ0BCXxwWETGTApfFttsVI=,ikwrOM3cq4mwmNx2uZujaw71CR8=
685,238,2+3rMEQ0BCXxwWETGTApfFttsVI=,ikwrOM3cq4mwmNx2uZujaw71CR8=
679,238,2+3rMEQ0BCXxwWETGTApfFttsVI=,ikwrOM3cq4mwmNx2uZujaw71CR8=
676,229,2+3rMEQ0BCXxwWETGTApfFttsVI=,ikwrOM3cq4mwmNx2uZujaw71CR8=
675,226,2+3rMEQ0BCXxwWETGTApfFttsVI=,ikwrOM3cq4mwmNx2uZujaw71CR8=
677,238,2+3rMEQ0BCXxwWETGTApfFttsVI=,ikwrOM3cq4mwmNx2uZujaw71CR8=
675,238,2+3rMEQ0BCXxwWETGTApfFttsVI=,ikwrOM3cq4mwmNx2uZujaw71CR8=
677,229,2+3rMEQ0BCXxwWETGTApfFttsVI=,ikwrOM3cq4mwmNx2uZujaw71CR8=
674,238,2+3rMEQ0BCXxwWETGTApfFttsVI=,ikwrOM3cq4mwmNx2uZujaw71CR8=
678,238,2+3rMEQ0BCXxwWETGTApfFttsVI=,ikwrOM3cq4mwmNx2uZujaw71CR8=
673,238,2+3rMEQ0BCXxwWETGTApfFttsVI=,ikwrOM3cq4mwmNx2uZujaw71CR8=
672,238,2+3rMEQ0BCXxwWETGTApfFttsVI=,ikwrOM3cq4mwmNx2uZujaw71CR8=
687,237,2+3rMEQ0BCXxwWETGTApfFttsVI=,ikwrOM3cq4mwmNx2uZujaw71CR8=
679,224,2+3rMEQ0BCXxwWETGTApfFttsVI=,ikwrOM3cq4mwmNx2uZujaw71CR8=
672,225,2+3rMEQ0BCXxwWETGTApfFttsVI=,ikwrOM3cq4mwmNx2uZujaw71CR8=
685,237,2+3rMEQ0BCXxwWETGTApfFttsVI=,ikwrOM3cq4mwmNx2uZujaw71CR8=
683,226,2+3rMEQ0BCXxwWETGTApfFttsVI=,ikwrOM3cq4mwmNx2uZujaw71CR8=
678,229,2+3rMEQ0BCXxwWETGTApfFttsVI=,ikwrOM3cq4mwmNx2uZujaw71CR8=
687,224,2+3rMEQ0BCXxwWETGTApfFttsVI=,ikwrOM3cq4mwmNx2uZujaw71CR8=
683,237,2+3rMEQ0BCXxwWETGTApfFttsVI=,ikwrOM3cq4mwmNx2uZujaw71CR8=
684,237,2+3rMEQ0BCXxwWETGTApfFttsVI=,ikwrOM3cq4mwmNx2uZujaw71CR8=
681,237,2+3rMEQ0BCXxwWETGTApfFttsVI=,ikwrOM3cq4mwmNx2uZujaw71CR8=
679,229,2+3rMEQ0BCXxwWETGTApfFttsVI=,ikwrOM3cq4mwmNx2uZujaw71CR8=
686,237,2+3rMEQ0BCXxwWETGTApfFttsVI=,ikwrOM3cq4mwmNx2uZujaw71CR8=
680,237,2+3rMEQ0BCXxwWETGTApfFttsVI=,ikwrOM3cq4mwmNx2uZujaw71CR8=
680,229,2+3rMEQ0BCXxwWETGTApfFttsVI=,ikwrOM3cq4mwmNx2uZujaw71CR8=
679,237,2+3rMEQ0BCXxwWETGTApfFttsVI=,ikwrOM3cq4mwmNx2uZujaw71CR8=
678,237,2+3rMEQ0BCXxwWETGTApfFttsVI=,ikwrOM3cq4mwmNx2uZujaw71CR8=
675,237,2+3rMEQ0BCXxwWETGTApfFttsVI=,ikwrOM3cq4mwmNx2uZujaw71CR8=
682,237,2+3rMEQ0BCXxwWETGTApfFttsVI=,ikwrOM3cq4mwmNx2uZujaw71CR8=
676,237,2+3rMEQ0BCXxwWETGTApfFttsVI=,ikwrOM3cq4mwmNx2uZujaw71CR8=
672,237,2+3rMEQ0BCXxwWETGTApfFttsVI=,ikwrOM3cq4mwmNx2uZujaw71CR8=
673,237,2+3rMEQ0BCXxwWETGTApfFttsVI=,ikwrOM3cq4mwmNx2uZujaw71CR8=
673,224,2+3rMEQ0BCXxwWETGTApfFttsVI=,ikwrOM3cq4mwmNx2uZujaw71CR8=
677,237,2+3rMEQ0BCXxwWETGTApfFttsVI=,ikwrOM3cq4mwmNx2uZujaw71CR8=
681,229,2+3rMEQ0BCXxwWETGTApfFttsVI=,ikwrOM3cq4mwmNx2uZujaw71CR8=
674,237,2+3rMEQ0BCXxwWETGTApfFttsVI=,ikwrOM3cq4mwmNx2uZujaw71CR8=
687,236,2+3rMEQ0BCXxwWETGTApfFttsVI=,ikwrOM3cq4mwmNx2uZujaw71CR8=
686,236,2+3rMEQ0BCXxwWETGTApfFttsVI=,ikwrOM3cq4mwmNx2uZujaw71CR8=
686,224,2+3rMEQ0BCXxwWETGTApfFttsVI=,ikwrOM3cq4mwmNx2uZujaw71CR8=
684,236,2+3rMEQ0BCXxwWETGTApfFttsVI=,ikwrOM3cq4mwmNx2uZujaw71CR8=
682,229,2+3rMEQ0BCXxwWETGTApfFttsVI=,ikwrOM3cq4mwmNx2uZujaw71CR8=
682,226,2+3rMEQ0BCXxwWETGTApfFttsVI=,ikwrOM3cq4mwmNx2uZujaw71CR8=
683,236,2+3rMEQ0BCXxwWETGTApfFttsVI=,ikwrOM3cq4mwmNx2uZujaw71CR8=
685,236,2+3rMEQ0BCXxwWETGTApfFttsVI=,ikwrOM3cq4mwmNx2uZujaw71CR8=
682,236,2+3rMEQ0BCXxwWETGTApfFttsVI=,ikwrOM3cq4mwmNx2uZujaw71CR8=
680,236,2+3rMEQ0BCXxwWETGTApfFttsVI=,ikwrOM3cq4mwmNx2uZujaw71CR8=
681,236,2+3rMEQ0BCXxwWETGTApfFttsVI=,ikwrOM3cq4mwmNx2uZujaw71CR8=
683,229,2+3rMEQ0BCXxwWETGTApfFttsVI=,ikwrOM3cq4mwmNx2uZujaw71CR8=
679,236,2+3rMEQ0BCXxwWETGTApfFttsVI=,ikwrOM3cq4mwmNx2uZujaw71CR8=
677,236,2+3rMEQ0BCXxwWETGTApfFttsVI=,ikwrOM3cq4mwmNx2uZujaw71CR8=
676,236,2+3rMEQ0BCXxwWETGTApfFttsVI=,ikwrOM3cq4mwmNx2uZujaw71CR8=
675,236,2+3rMEQ0BCXxwWETGTApfFttsVI=,ikwrOM3cq4mwmNx2uZujaw71CR8=
678,236,2+3rMEQ0BCXxwWETGTApfFttsVI=,ikwrOM3cq4mwmNx2uZujaw71CR8=
673,236,2+3rMEQ0BCXxwWETGTApfFttsVI=,ikwrOM3cq4mwmNx2uZujaw71CR8=
674,236,2+3rMEQ0BCXxwWETGTApfFttsVI=,ikwrOM3cq4mwmNx2uZujaw71CR8=
672,236,2+3rMEQ0BCXxwWETGTApfFttsVI=,ikwrOM3cq4mwmNx2uZujaw71CR8=
684,229,2+3rMEQ0BCXxwWETGTApfFttsVI=,ikwrOM3cq4mwmNx2uZujaw71CR8=
686,235,2+3rMEQ0BCXxwWETGTApfFttsVI=,ikwrOM3cq4mwmNx2uZujaw71CR8=
687,235,2+3rMEQ0BCXxwWETGTApfFttsVI=,ikwrOM3cq4mwmNx2uZujaw71CR8=
685,224,2+3rMEQ0BCXxwWETGTApfFttsVI=,ikwrOM3cq4mwmNx2uZujaw71CR8=
685,235,2+3rMEQ0BCXxwWETGTApfFttsVI=,ikwrOM3cq4mwmNx2uZujaw71CR8=
684,235,2+3rMEQ0BCXxwWETGTApfFttsVI=,ikwrOM3cq4mwmNx2uZujaw71CR8=
683,235,2+3rMEQ0BCXxwWETGTApfFttsVI=,ikwrOM3cq4mwmNx2uZujaw71CR8=
685,229,2+3rMEQ0BCXxwWETGTApfFttsVI=,ikwrOM3cq4mwmNx2uZujaw71CR8=
680,235,2+3rMEQ0BCXxwWETGTApfFttsVI=,ikwrOM3cq4mwmNx2uZujaw71CR8=
681,226,2+3rMEQ0BCXxwWETGTApfFttsVI=,ikwrOM3cq4mwmNx2uZujaw71CR8=
682,235,2+3rMEQ0BCXxwWETGTApfFttsVI=,ikwrOM3cq4mwmNx2uZujaw71CR8=
681,235,2+3rMEQ0BCXxwWETGTApfFttsVI=,ikwrOM3cq4mwmNx2uZujaw71CR8=
679,235,2+3rMEQ0BCXxwWETGTApfFttsVI=,ikwrOM3cq4mwmNx2uZujaw71CR8=
678,235,2+3rMEQ0BCXxwWETGTApfFttsVI=,ikwrOM3cq4mwmNx2uZujaw71CR8=
686,229,2+3rMEQ0BCXxwWETGTApfFttsVI=,ikwrOM3cq4mwmNx2uZujaw71CR8=
676,235,2+3rMEQ0BCXxwWETGTApfFttsVI=,ikwrOM3cq4mwmNx2uZujaw71CR8=
675,235,2+3rMEQ0BCXxwWETGTApfFttsVI=,ikwrOM3cq4mwmNx2uZujaw71CR8=
677,235,2+3rMEQ0BCXxwWETGTApfFttsVI=,ikwrOM3cq4mwmNx2uZujaw71CR8=
674,235,2+3rMEQ0BCXxwWETGTApfFttsVI=,ikwrOM3cq4mwmNx2uZujaw71CR8=
687,229,2+3rMEQ0BCXxwWETGTApfFttsVI=,ikwrOM3cq4mwmNx2uZujaw71CR8=
672,235,2+3rMEQ0BCXxwWETGTApfFttsVI=,ikwrOM3cq4mwmNx2uZujaw71CR8=
686,234,2+3rMEQ0BCXxwWETGTApfFttsVI=,ikwrOM3cq4mwmNx2uZujaw71CR8=
673,235,2+3rMEQ0BCXxwWETGTApfFttsVI=,ikwrOM3cq4mwmNx2uZujaw71CR8=
685,234,2+3rMEQ0BCXxwWETGTApfFttsVI=,ikwrOM3cq4mwmNx2uZujaw71CR8=
687,234,2+3rMEQ0BCXxwWETGTApfFttsVI=,ikwrOM3cq4mwmNx2uZujaw71CR8=
684,234,2+3rMEQ0BCXxwWETGTApfFttsVI=,ikwrOM3cq4mwmNx2uZujaw71CR8=
684,224,2+3rMEQ0BCXxwWETGTApfFttsVI=,ikwrOM3cq4mwmNx2uZujaw71CR8=
680,226,2+3rMEQ0BCXxwWETGTApfFttsVI=,ikwrOM3cq4mwmNx2uZujaw71CR8=
683,234,2+3rMEQ0BCXxwWETGTApfFttsVI=,ikwrOM3cq4mwmNx2uZujaw71CR8=
682,234,2+3rMEQ0BCXxwWETGTApfFttsVI=,ikwrOM3cq4mwmNx2uZujaw71CR8=
672,230,2+3rMEQ0BCXxwWETGTApfFttsVI=,ikwrOM3cq4mwmNx2uZujaw71CR8=
680,234,2+3rMEQ0BCXxwWETGTApfFttsVI=,ikwrOM3cq4mwmNx2uZujaw71CR8=
681,234,2+3rMEQ0BCXxwWETGTApfFttsVI=,ikwrOM3cq4mwmNx2uZujaw71CR8=
679,234,2+3rMEQ0BCXxwWETGTApfFttsVI=,ikwrOM3cq4mwmNx2uZujaw71CR8=
678,234,2+3rMEQ0BCXxwWETGTApfFttsVI=,ikwrOM3cq4mwmNx2uZujaw71CR8=
677,234,2+3rMEQ0BCXxwWETGTApfFttsVI=,ikwrOM3cq4mwmNx2uZujaw71CR8=
676,234,2+3rMEQ0BCXxwWETGTApfFttsVI=,ikwrOM3cq4mwmNx2uZujaw71CR8=
673,230,2+3rMEQ0BCXxwWETGTApfFttsVI=,ikwrOM3cq4mwmNx2uZujaw71CR8=
675,234,2+3rMEQ0BCXxwWETGTApfFttsVI=,ikwrOM3cq4mwmNx2uZujaw71CR8=
672,234,2+3rMEQ0BCXxwWETGTApfFttsVI=,ikwrOM3cq4mwmNx2uZujaw71CR8=
687,233,2+3rMEQ0BCXxwWETGTApfFttsVI=,ikwrOM3cq4mwmNx2uZujaw71CR8=
673,234,2+3rMEQ0BCXxwWETGTApfFttsVI=,ikwrOM3cq4mwmNx2uZujaw71CR8=
685,233,2+3rMEQ0BCXxwWETGTApfFttsVI=,ikwrOM3cq4mwmNx2uZujaw71CR8=
674,234,2+3rMEQ0BCXxwWETGTApfFttsVI=,ikwrOM3cq4mwmNx2uZujaw71CR8=
674,230,2+3rMEQ0BCXxwWETGTApfFttsVI=,ikwrOM3cq4mwmNx2uZujaw71CR8=
686,233,2+3rMEQ0BCXxwWETGTApfFttsVI=,ikwrOM3cq4mwmNx2uZujaw71CR8=
683,233,2+3rMEQ0BCXxwWETGTApfFttsVI=,ikwrOM3cq4mwmNx2uZujaw71CR8=
684,233,2+3rMEQ0BCXxwWETGTApfFttsVI=,ikwrOM3cq4mwmNx2uZujaw71CR8=
682,233,2+3rMEQ0BCXxwWETGTApfFttsVI=,ikwrOM3cq4mwmNx2uZujaw71CR8=
675,230,2+3rMEQ0BCXxwWETGTApfFttsVI=,ikwrOM3cq4mwmNx2uZujaw71CR8=
679,226,2+3rMEQ0BCXxwWETGTApfFttsVI=,ikwrOM3cq4mwmNx2uZujaw71CR8=
683,224,2+3rMEQ0BCXxwWETGTApfFttsVI=,ikwrOM3cq4mwmNx2uZujaw71CR8=
680,233,2+3rMEQ0BCXxwWETGTApfFttsVI=,ikwrOM3cq4mwmNx2uZujaw71CR8=
679,233,2+3rMEQ0BCXxwWETGTApfFttsVI=,ikwrOM3cq4mwmNx2uZujaw71CR8=
678,233,2+3rMEQ0BCXxwWETGTApfFttsVI=,ikwrOM3cq4mwmNx2uZujaw71CR8=
676,233,2+3rMEQ0BCXxwWETGTApfFttsVI=,ikwrOM3cq4mwmNx2uZujaw71CR8=
681,233,2+3rMEQ0BCXxwWETGTApfFttsVI=,ikwrOM3cq4mwmNx2uZujaw71CR8=
677,233,2+3rMEQ0BCXxwWETGTApfFttsVI=,ikwrOM3cq4mwmNx2uZujaw71CR8=
675,233,2+3rMEQ0BCXxwWETGTApfFttsVI=,ikwrOM3cq4mwmNx2uZujaw71CR8=
676,230,2+3rMEQ0BCXxwWETGTApfFttsVI=,ikwrOM3cq4mwmNx2uZujaw71CR8=
673,233,2+3rMEQ0BCXxwWETGTApfFttsVI=,ikwrOM3cq4mwmNx2uZujaw71CR8=
674,233,2+3rMEQ0BCXxwWETGTApfFttsVI=,ikwrOM3cq4mwmNx2uZujaw71CR8=
686,232,2+3rMEQ0BCXxwWETGTApfFttsVI=,ikwrOM3cq4mwmNx2uZujaw71CR8=
683,232,2+3rMEQ0BCXxwWETGTApfFttsVI=,ikwrOM3cq4mwmNx2uZujaw71CR8=
687,232,2+3rMEQ0BCXxwWETGTApfFttsVI=,ikwrOM3cq4mwmNx2uZujaw71CR8=
672,233,2+3rMEQ0BCXxwWETGTApfFttsVI=,ikwrOM3cq4mwmNx2uZujaw71CR8=
684,232,2+3rMEQ0BCXxwWETGTApfFttsVI=,ikwrOM3cq4mwmNx2uZujaw71CR8=
677,230,2+3rMEQ0BCXxwWETGTApfFttsVI=,ikwrOM3cq4mwmNx2uZujaw71CR8=
685,232,2+3rMEQ0BCXxwWETGTApfFttsVI=,ikwrOM3cq4mwmNx2uZujaw71CR8=
682,232,2+3rMEQ0BCXxwWETGTApfFttsVI=,ikwrOM3cq4mwmNx2uZujaw71CR8=
681,232,2+3rMEQ0BCXxwWETGTApfFttsVI=,ikwrOM3cq4mwmNx2uZujaw71CR8=
682,224,2+3rMEQ0BCXxwWETGTApfFttsVI=,ikwrOM3cq4mwmNx2uZujaw71CR8=
680,232,2+3rMEQ0BCXxwWETGTApfFttsVI=,ikwrOM3cq4mwmNx2uZujaw71CR8=
678,226,2+3rMEQ0BCXxwWETGTApfFttsVI=,ikwrOM3cq4mwmNx2uZujaw71CR8=
678,232,2+3rMEQ0BCXxwWETGTApfFttsVI=,ikwrOM3cq4mwmNx2uZujaw71CR8=
676,226,2+3rMEQ0BCXxwWETGTApfFttsVI=,ikwrOM3cq4mwmNx2uZujaw71CR8=
677,232,2+3rMEQ0BCXxwWETGTApfFttsVI=,ikwrOM3cq4mwmNx2uZujaw71CR8=
679,232,2+3rMEQ0BCXxwWETGTApfFttsVI=,ikwrOM3cq4mwmNx2uZujaw71CR8=
674,232,2+3rMEQ0BCXxwWETGTApfFttsVI=,ikwrOM3cq4mwmNx2uZujaw71CR8=
673,232,2+3rMEQ0BCXxwWETGTApfFttsVI=,ikwrOM3cq4mwmNx2uZujaw71CR8=
675,232,2+3rMEQ0BCXxwWETGTApfFttsVI=,ikwrOM3cq4mwmNx2uZujaw71CR8=
676,232,2+3rMEQ0BCXxwWETGTApfFttsVI=,ikwrOM3cq4mwmNx2uZujaw71CR8=
678,230,2+3rMEQ0BCXxwWETGTApfFttsVI=,ikwrOM3cq4mwmNx2uZujaw71CR8=
686,231,2+3rMEQ0BCXxwWETGTApfFttsVI=,ikwrOM3cq4mwmNx2uZujaw71CR8=
685,231,2+3rMEQ0BCXxwWETGTApfFttsVI=,ikwrOM3cq4mwmNx2uZujaw71CR8=
672,232,2+3rMEQ0BCXxwWETGTApfFttsVI=,ikwrOM3cq4mwmNx2uZujaw71CR8=
684,231,2+3rMEQ0BCXxwWETGTApfFttsVI=,ikwrOM3cq4mwmNx2uZujaw71CR8=
687,231,2+3rMEQ0BCXxwWETGTApfFttsVI=,ikwrOM3cq4mwmNx2uZujaw71CR8=
683,231,2+3rMEQ0BCXxwWETGTApfFttsVI=,ikwrOM3cq4mwmNx2uZujaw71CR8=
682,231,2+3rMEQ0BCXxwWETGTApfFttsVI=,ikwrOM3cq4mwmNx2uZujaw71CR8=
680,224,2+3rMEQ0BCXxwWETGTApfFttsVI=,ikwrOM3cq4mwmNx2uZujaw71CR8=
681,231,2+3rMEQ0BCXxwWETGTApfFttsVI=,ikwrOM3cq4mwmNx2uZujaw71CR8=
680,231,2+3rMEQ0BCXxwWETGTApfFttsVI=,ikwrOM3cq4mwmNx2uZujaw71CR8=
679,231,2+3rMEQ0BCXxwWETGTApfFttsVI=,ikwrOM3cq4mwmNx2uZujaw71CR8=
678,231,2+3rMEQ0BCXxwWETGTApfFttsVI=,ikwrOM3cq4mwmNx2uZujaw71CR8=
677,226,2+3rMEQ0BCXxwWETGTApfFttsVI=,ikwrOM3cq4mwmNx2uZujaw71CR8=
679,230,2+3rMEQ0BCXxwWETGTApfFttsVI=,ikwrOM3cq4mwmNx2uZujaw71CR8=
681,224,2+3rMEQ0BCXxwWETGTApfFttsVI=,ikwrOM3cq4mwmNx2uZujaw71CR8=
677,231,2+3rMEQ0BCXxwWETGTApfFttsVI=,ikwrOM3cq4mwmNx2uZujaw71CR8=
676,231,2+3rMEQ0BCXxwWETGTApfFttsVI=,ikwrOM3cq4mwmNx2uZujaw71CR8=
675,231,2+3rMEQ0BCXxwWETGTApfFttsVI=,ikwrOM3cq4mwmNx2uZujaw71CR8=
674,231,2+3rMEQ0BCXxwWETGTApfFttsVI=,ikwrOM3cq4mwmNx2uZujaw71CR8=
672,231,2+3rMEQ0BCXxwWETGTApfFttsVI=,ikwrOM3cq4mwmNx2uZujaw71CR8=
680,230,2+3rMEQ0BCXxwWETGTApfFttsVI=,ikwrOM3cq4mwmNx2uZujaw71CR8=
673,231,2+3rMEQ0BCXxwWETGTApfFttsVI=,ikwrOM3cq4mwmNx2uZujaw71CR8=
687,230,2+3rMEQ0BCXxwWETGTApfFttsVI=,ikwrOM3cq4mwmNx2uZujaw71CR8=
686,230,2+3rMEQ0BCXxwWETGTApfFttsVI=,ikwrOM3cq4mwmNx2uZujaw71CR8=
684,230,2+3rMEQ0BCXxwWETGTApfFttsVI=,ikwrOM3cq4mwmNx2uZujaw71CR8=
683,230,2+3rMEQ0BCXxwWETGTApfFttsVI=,ikwrOM3cq4mwmNx2uZujaw71CR8=
685,230,2+3rMEQ0BCXxwWETGTApfFttsVI=,ikwrOM3cq4mwmNx2uZujaw71CR8=
682,230,2+3rMEQ0BCXxwWETGTApfFttsVI=,ikwrOM3cq4mwmNx2uZujaw71CR8=
681,230,2+3rMEQ0BCXxwWETGTApfFttsVI=,ikwrOM3cq4mwmNx2uZujaw71CR8=
676,238,2+3rMEQ0BCXxwWETGTApfFttsVI=,ikwrOM3cq4mwmNx2uZujaw71CR8=
675,239,2+3rMEQ0BCXxwWETGTApfFttsVI=,ikwrOM3cq4mwmNx2uZujaw71CR8=
685,255,WQ3z3tPqZDUtAmdLMfof5B852nw=,HLecopwbioxP4wNndCeJypOwM8k=
684,255,WQ3z3tPqZDUtAmdLMfof5B852nw=,HLecopwbioxP4wNndCeJypOwM8k=
683,255,WQ3z3tPqZDUtAmdLMfof5B852nw=,HLecopwbioxP4wNndCeJypOwM8k=
681,255,WQ3z3tPqZDUtAmdLMfof5B852nw=,HLecopwbioxP4wNndCeJypOwM8k=
680,255,WQ3z3tPqZDUtAmdLMfof5B852nw=,HLecopwbioxP4wNndCeJypOwM8k=
679,255,WQ3z3tPqZDUtAmdLMfof5B852nw=,HLecopwbioxP4wNndCeJypOwM8k=
682,255,WQ3z3tPqZDUtAmdLMfof5B852nw=,HLecopwbioxP4wNndCeJypOwM8k=
686,242,WQ3z3tPqZDUtAmdLMfof5B852nw=,HLecopwbioxP4wNndCeJypOwM8k=
677,255,WQ3z3tPqZDUtAmdLMfof5B852nw=,HLecopwbioxP4wNndCeJypOwM8k=
687,242,WQ3z3tPqZDUtAmdLMfof5B852nw=,HLecopwbioxP4wNndCeJypOwM8k=
676,255,WQ3z3tPqZDUtAmdLMfof5B852nw=,HLecopwbioxP4wNndCeJypOwM8k=
672,243,WQ3z3tPqZDUtAmdLMfof5B852nw=,HLecopwbioxP4wNndCeJypOwM8k=
678,255,WQ3z3tPqZDUtAmdLMfof5B852nw=,HLecopwbioxP4wNndCeJypOwM8k=
673,243,WQ3z3tPqZDUtAmdLMfof5B852nw=,HLecopwbioxP4wNndCeJypOwM8k=
673,241,WQ3z3tPqZDUtAmdLMfof5B852nw=,HLecopwbioxP4wNndCeJypOwM8k=
685,242,WQ3z3tPqZDUtAmdLMfof5B852nw=,HLecopwbioxP4wNndCeJypOwM8k=
674,255,WQ3z3tPqZDUtAmdLMfof5B852nw=,HLecopwbioxP4wNndCeJypOwM8k=
675,255,WQ3z3tPqZDUtAmdLMfof5B852nw=,HLecopwbioxP4wNndCeJypOwM8k=
687,241,WQ3z3tPqZDUtAmdLMfof5B852nw=,HLecopwbioxP4wNndCeJypOwM8k=
673,255,WQ3z3tPqZDUtAmdLMfof5B852nw=,HLecopwbioxP4wNndCeJypOwM8k=
686,241,WQ3z3tPqZDUtAmdLMfof5B852nw=,HLecopwbioxP4wNndCeJypOwM8k=
687,254,WQ3z3tPqZDUtAmdLMfof5B852nw=,HLecopwbioxP4wNndCeJypOwM8k=
685,241,WQ3z3tPqZDUtAmdLMfof5B852nw=,HLecopwbioxP4wNndCeJypOwM8k=
681,241,WQ3z3tPqZDUtAmdLMfof5B852nw=,HLecopwbioxP4wNndCeJypOwM8k=
682,241,WQ3z3tPqZDUtAmdLMfof5B852nw=,HLecopwbioxP4wNndCeJypOwM8k=
684,241,WQ3z3tPqZDUtAmdLMfof5B852nw=,HLecopwbioxP4wNndCeJypOwM8k=
672,255,WQ3z3tPqZDUtAmdLMfof5B852nw=,HLecopwbioxP4wNndCeJypOwM8k=
683,241,WQ3z3tPqZDUtAmdLMfof5B852nw=,HLecopwbioxP4wNndCeJypOwM8k=
677,241,WQ3z3tPqZDUtAmdLMfof5B852nw=,HLecopwbioxP4wNndCeJypOwM8k=
674,241,WQ3z3tPqZDUtAmdLMfof5B852nw=,HLecopwbioxP4wNndCeJypOwM8k=
680,241,WQ3z3tPqZDUtAmdLMfof5B852nw=,HLecopwbioxP4wNndCeJypOwM8k=
679,241,WQ3z3tPqZDUtAmdLMfof5B852nw=,HLecopwbioxP4wNndCeJypOwM8k=
685,254,WQ3z3tPqZDUtAmdLMfof5B852nw=,HLecopwbioxP4wNndCeJypOwM8k=
686,254,WQ3z3tPqZDUtAmdLMfof5B852nw=,HLecopwbioxP4wNndCeJypOwM8k=
684,242,WQ3z3tPqZDUtAmdLMfof5B852nw=,HLecopwbioxP4wNndCeJypOwM8k=
684,254,WQ3z3tPqZDUtAmdLMfof5B852nw=,HLecopwbioxP4wNndCeJypOwM8k=
682,254,WQ3z3tPqZDUtAmdLMfof5B852nw=,HLecopwbioxP4wNndCeJypOwM8k=
681,254,WQ3z3tPqZDUtAmdLMfof5B852nw=,HLecopwbioxP4wNndCeJypOwM8k=
683,254,WQ3z3tPqZDUtAmdLMfof5B852nw=,HLecopwbioxP4wNndCeJypOwM8k=
680,254,WQ3z3tPqZDUtAmdLMfof5B852nw=,HLecopwbioxP4wNndCeJypOwM8k=
679,254,WQ3z3tPqZDUtAmdLMfof5B852nw=,HLecopwbioxP4wNndCeJypOwM8k=
677,254,WQ3z3tPqZDUtAmdLMfof5B852nw=,HLecopwbioxP4wNndCeJypOwM8k=
678,254,WQ3z3tPqZDUtAmdLMfof5B852nw=,HLecopwbioxP4wNndCeJypOwM8k=
675,254,WQ3z3tPqZDUtAmdLMfof5B852nw=,HLecopwbioxP4wNndCeJypOwM8k=
676,254,WQ3z3tPqZDUtAmdLMfof5B852nw=,HLecopwbioxP4wNndCeJypOwM8k=
673,254,WQ3z3tPqZDUtAmdLMfof5B852nw=,HLecopwbioxP4wNndCeJypOwM8k=
674,254,WQ3z3tPqZDUtAmdLMfof5B852nw=,HLecopwbioxP4wNndCeJypOwM8k=
672,254,WQ3z3tPqZDUtAmdLMfof5B852nw=,HLecopwbioxP4wNndCeJypOwM8k=
686,253,WQ3z3tPqZDUtAmdLMfof5B852nw=,HLecopwbioxP4wNndCeJypOwM8k=
687,253,WQ3z3tPqZDUtAmdLMfof5B852nw=,HLecopwbioxP4wNndCeJypOwM8k=
687,240,WQ3z3tPqZDUtAmdLMfof5B852nw=,HLecopwbioxP4wNndCeJypOwM8k=
672,241,WQ3z3tPqZDUtAmdLMfof5B852nw=,HLecopwbioxP4wNndCeJypOwM8k=
685,253,WQ3z3tPqZDUtAmdLMfof5B852nw=,HLecopwbioxP4wNndCeJypOwM8k=
683,242,WQ3z3tPqZDUtAmdLMfof5B852nw=,HLecopwbioxP4wNndCeJypOwM8k=
684,253,WQ3z3tPqZDUtAmdLMfof5B852nw=,HLecopwbioxP4wNndCeJypOwM8k=
682,253,WQ3z3tPqZDUtAmdLMfof5B852nw=,HLecopwbioxP4wNndCeJypOwM8k=
683,253,WQ3z3tPqZDUtAmdLMfof5B852nw=,HLecopwbioxP4wNndCeJypOwM8k=
681,253,WQ3z3tPqZDUtAmdLMfof5B852nw=,HLecopwbioxP4wNndCeJypOwM8k=
680,253,WQ3z3tPqZDUtAmdLMfof5B852nw=,HLecopwbioxP4wNndCeJypOwM8k=
679,253,WQ3z3tPqZDUtAmdLMfof5B852nw=,HLecopwbioxP4wNndCeJypOwM8k=
678,253,WQ3z3tPqZDUtAmdLMfof5B852nw=,HLecopwbioxP4wNndCeJypOwM8k=
677,253,WQ3z3tPqZDUtAmdLMfof5B852nw=,HLecopwbioxP4wNndCeJypOwM8k=
675,253,WQ3z3tPqZDUtAmdLMfof5B852nw=,HLecopwbioxP4wNndCeJypOwM8k=
676,253,WQ3z3tPqZDUtAmdLMfof5B852nw=,HLecopwbioxP4wNndCeJypOwM8k=
674,253,WQ3z3tPqZDUtAmdLMfof5B852nw=,HLecopwbioxP4wNndCeJypOwM8k=
673,253,WQ3z3tPqZDUtAmdLMfof5B852nw=,HLecopwbioxP4wNndCeJypOwM8k=
672,253,WQ3z3tPqZDUtAmdLMfof5B852nw=,HLecopwbioxP4wNndCeJypOwM8k=
687,252,WQ3z3tPqZDUtAmdLMfof5B852nw=,HLecopwbioxP4wNndCeJypOwM8k=
673,240,WQ3z3tPqZDUtAmdLMfof5B852nw=,HLecopwbioxP4wNndCeJypOwM8k=
685,252,WQ3z3tPqZDUtAmdLMfof5B852nw=,HLecopwbioxP4wNndCeJypOwM8k=
686,252,WQ3z3tPqZDUtAmdLMfof5B852nw=,HLecopwbioxP4wNndCeJypOwM8k=
684,252,WQ3z3tPqZDUtAmdLMfof5B852nw=,HLecopwbioxP4wNndCeJypOwM8k=
686,240,WQ3z3tPqZDUtAmdLMfof5B852nw=,HLecopwbioxP4wNndCeJypOwM8k=
682,242,WQ3z3tPqZDUtAmdLMfof5B852nw=,HLecopwbioxP4wNndCeJypOwM8k=
683,252,WQ3z3tPqZDUtAmdLMfof5B852nw=,HLecopwbioxP4wNndCeJypOwM8k=
682,252,WQ3z3tPqZDUtAmdLMfof5B852nw=,HLecopwbioxP4wNndCeJypOwM8k=
681,252,WQ3z3tPqZDUtAmdLMfof5B852nw=,HLecopwbioxP4wNndCeJypOwM8k=
680,252,WQ3z3tPqZDUtAmdLMfof5B852nw=,HLecopwbioxP4wNndCeJypOwM8k=
678,252,WQ3z3tPqZDUtAmdLMfof5B852nw=,HLecopwbioxP4wNndCeJypOwM8k=
679,252,WQ3z3tPqZDUtAmdLMfof5B852nw=,HLecopwbioxP4wNndCeJypOwM8k=
677,252,WQ3z3tPqZDUtAmdLMfof5B852nw=,HLecopwbioxP4wNndCeJypOwM8k=
676,252,WQ3z3tPqZDUtAmdLMfof5B852nw=,HLecopwbioxP4wNndCeJypOwM8k=
675,252,WQ3z3tPqZDUtAmdLMfof5B852nw=,HLecopwbioxP4wNndCeJypOwM8k=
674,252,WQ3z3tPqZDUtAmdLMfof5B852nw=,HLecopwbioxP4wNndCeJypOwM8k=
672,252,WQ3z3tPqZDUtAmdLMfof5B852nw=,HLecopwbioxP4wNndCeJypOwM8k=
673,252,WQ3z3tPqZDUtAmdLMfof5B852nw=,HLecopwbioxP4wNndCeJypOwM8k=
678,241,WQ3z3tPqZDUtAmdLMfof5B852nw=,HLecopwbioxP4wNndCeJypOwM8k=
686,251,WQ3z3tPqZDUtAmdLMfof5B852nw=,HLecopwbioxP4wNndCeJypOwM8k=
675,240,WQ3z3tPqZDUtAmdLMfof5B852nw=,HLecopwbioxP4wNndCeJypOwM8k=
685,251,WQ3z3tPqZDUtAmdLMfof5B852nw=,HLecopwbioxP4wNndCeJypOwM8k=
684,251,WQ3z3tPqZDUtAmdLMfof5B852nw=,HLecopwbioxP4wNndCeJypOwM8k=
683,251,WQ3z3tPqZDUtAmdLMfof5B852nw=,HLecopwbioxP4wNndCeJypOwM8k=
685,240,WQ3z3tPqZDUtAmdLMfof5B852nw=,HLecopwbioxP4wNndCeJypOwM8k=
681,242,WQ3z3tPqZDUtAmdLMfof5B852nw=,HLecopwbioxP4wNndCeJypOwM8k=
681,251,WQ3z3tPqZDUtAmdLMfof5B852nw=,HLecopwbioxP4wNndCeJypOwM8k=
682,251,WQ3z3tPqZDUtAmdLMfof5B852nw=,HLecopwbioxP4wNndCeJypOwM8k=
680,251,WQ3z3tPqZDUtAmdLMfof5B852nw=,HLecopwbioxP4wNndCeJypOwM8k=
678,251,WQ3z3tPqZDUtAmdLMfof5B852nw=,HLecopwbioxP4wNndCeJypOwM8k=
679,251,WQ3z3tPqZDUtAmdLMfof5B852nw=,HLecopwbioxP4wNndCeJypOwM8k=
677,251,WQ3z3tPqZDUtAmdLMfof5B852nw=,HLecopwbioxP4wNndCeJypOwM8k=
676,251,WQ3z3tPqZDUtAmdLMfof5B852nw=,HLecopwbioxP4wNndCeJypOwM8k=
675,251,WQ3z3tPqZDUtAmdLMfof5B852nw=,HLecopwbioxP4wNndCeJypOwM8k=
674,251,WQ3z3tPqZDUtAmdLMfof5B852nw=,HLecopwbioxP4wNndCeJypOwM8k=
673,251,WQ3z3tPqZDUtAmdLMfof5B852nw=,HLecopwbioxP4wNndCeJypOwM8k=
672,251,WQ3z3tPqZDUtAmdLMfof5B852nw=,HLecopwbioxP4wNndCeJypOwM8k=
686,250,WQ3z3tPqZDUtAmdLMfof5B852nw=,HLecopwbioxP4wNndCeJypOwM8k=
685,250,WQ3z3tPqZDUtAmdLMfof5B852nw=,HLecopwbioxP4wNndCeJypOwM8k=
684,250,WQ3z3tPqZDUtAmdLMfof5B852nw=,HLecopwbioxP4wNndCeJypOwM8k=
682,250,WQ3z3tPqZDUtAmdLMfof5B852nw=,HLecopwbioxP4wNndCeJypOwM8k=
683,250,WQ3z3tPqZDUtAmdLMfof5B852nw=,HLecopwbioxP4wNndCeJypOwM8k=
684,240,WQ3z3tPqZDUtAmdLMfof5B852nw=,HLecopwbioxP4wNndCeJypOwM8k=
680,242,WQ3z3tPqZDUtAmdLMfof5B852nw=,HLecopwbioxP4wNndCeJypOwM8k=
681,250,WQ3z3tPqZDUtAmdLMfof5B852nw=,HLecopwbioxP4wNndCeJypOwM8k=
680,250,WQ3z3tPqZDUtAmdLMfof5B852nw=,HLecopwbioxP4wNndCeJypOwM8k=
679,250,WQ3z3tPqZDUtAmdLMfof5B852nw=,HLecopwbioxP4wNndCeJypOwM8k=
678,250,WQ3z3tPqZDUtAmdLMfof5B852nw=,HLecopwbioxP4wNndCeJypOwM8k=
677,250,WQ3z3tPqZDUtAmdLMfof5B852nw=,HLecopwbioxP4wNndCeJypOwM8k=
676,250,WQ3z3tPqZDUtAmdLMfof5B852nw=,HLecopwbioxP4wNndCeJypOwM8k=
675,250,WQ3z3tPqZDUtAmdLMfof5B852nw=,HLecopwbioxP4wNndCeJypOwM8k=
674,250,WQ3z3tPqZDUtAmdLMfof5B852nw=,HLecopwbioxP4wNndCeJypOwM8k=
673,250,WQ3z3tPqZDUtAmdLMfof5B852nw=,HLecopwbioxP4wNndCeJypOwM8k=
672,250,WQ3z3tPqZDUtAmdLMfof5B852nw=,HLecopwbioxP4wNndCeJypOwM8k=
687,249,WQ3z3tPqZDUtAmdLMfof5B852nw=,HLecopwbioxP4wNndCeJypOwM8k=
686,249,WQ3z3tPqZDUtAmdLMfof5B852nw=,HLecopwbioxP4wNndCeJypOwM8k=
685,249,WQ3z3tPqZDUtAmdLMfof5B852nw=,HLecopwbioxP4wNndCeJypOwM8k=
684,249,WQ3z3tPqZDUtAmdLMfof5B852nw=,HLecopwbioxP4wNndCeJypOwM8k=
683,249,WQ3z3tPqZDUtAmdLMfof5B852nw=,HLecopwbioxP4wNndCeJypOwM8k=
682,249,WQ3z3tPqZDUtAmdLMfof5B852nw=,HLecopwbioxP4wNndCeJypOwM8k=
681,249,WQ3z3tPqZDUtAmdLMfof5B852nw=,HLecopwbioxP4wNndCeJypOwM8k=
683,240,WQ3z3tPqZDUtAmdLMfof5B852nw=,HLecopwbioxP4wNndCeJypOwM8k=
680,249,WQ3z3tPqZDUtAmdLMfof5B852nw=,HLecopwbioxP4wNndCeJypOwM8k=
679,249,WQ3z3tPqZDUtAmdLMfof5B852nw=,HLecopwbioxP4wNndCeJypOwM8k=
678,249,WQ3z3tPqZDUtAmdLMfof5B852nw=,HLecopwbioxP4wNndCeJypOwM8k=
677,249,WQ3z3tPqZDUtAmdLMfof5B852nw=,HLecopwbioxP4wNndCeJypOwM8k=
676,249,WQ3z3tPqZDUtAmdLMfof5B852nw=,HLecopwbioxP4wNndCeJypOwM8k=
675,249,WQ3z3tPqZDUtAmdLMfof5B852nw=,HLecopwbioxP4wNndCeJypOwM8k=
674,249,WQ3z3tPqZDUtAmdLMfof5B852nw=,HLecopwbioxP4wNndCeJypOwM8k=
673,249,WQ3z3tPqZDUtAmdLMfof5B852nw=,HLecopwbioxP4wNndCeJypOwM8k=
672,249,WQ3z3tPqZDUtAmdLMfof5B852nw=,HLecopwbioxP4wNndCeJypOwM8k=
687,248,WQ3z3tPqZDUtAmdLMfof5B852nw=,HLecopwbioxP4wNndCeJypOwM8k=
686,255,WQ3z3tPqZDUtAmdLMfof5B852nw=,HLecopwbioxP4wNndCeJypOwM8k=
685,248,WQ3z3tPqZDUtAmdLMfof5B852nw=,HLecopwbioxP4wNndCeJypOwM8k=
683,248,WQ3z3tPqZDUtAmdLMfof5B852nw=,HLecopwbioxP4wNndCeJypOwM8k=
684,248,WQ3z3tPqZDUtAmdLMfof5B852nw=,HLecopwbioxP4wNndCeJypOwM8k=
682,248,WQ3z3tPqZDUtAmdLMfof5B852nw=,HLecopwbioxP4wNndCeJypOwM8k=
681,248,WQ3z3tPqZDUtAmdLMfof5B852nw=,HLecopwbioxP4wNndCeJypOwM8k=
680,248,WQ3z3tPqZDUtAmdLMfof5B852nw=,HLecopwbioxP4wNndCeJypOwM8k=
682,240,WQ3z3tPqZDUtAmdLMfof5B852nw=,HLecopwbioxP4wNndCeJypOwM8k=
676,241,WQ3z3tPqZDUtAmdLMfof5B852nw=,HLecopwbioxP4wNndCeJypOwM8k=
679,248,WQ3z3tPqZDUtAmdLMfof5B852nw=,HLecopwbioxP4wNndCeJypOwM8k=
678,248,WQ3z3tPqZDUtAmdLMfof5B852nw=,HLecopwbioxP4wNndCeJypOwM8k=
677,248,WQ3z3tPqZDUtAmdLMfof5B852nw=,HLecopwbioxP4wNndCeJypOwM8k=
674,240,WQ3z3tPqZDUtAmdLMfof5B852nw=,HLecopwbioxP4wNndCeJypOwM8k=
676,248,WQ3z3tPqZDUtAmdLMfof5B852nw=,HLecopwbioxP4wNndCeJypOwM8k=
675,248,WQ3z3tPqZDUtAmdLMfof5B852nw=,HLecopwbioxP4wNndCeJypOwM8k=
674,248,WQ3z3tPqZDUtAmdLMfof5B852nw=,HLecopwbioxP4wNndCeJypOwM8k=
673,248,WQ3z3tPqZDUtAmdLMfof5B852nw=,HLecopwbioxP4wNndCeJypOwM8k=
672,248,WQ3z3tPqZDUtAmdLMfof5B852nw=,HLecopwbioxP4wNndCeJypOwM8k=
687,250,WQ3z3tPqZDUtAmdLMfof5B852nw=,HLecopwbioxP4wNndCeJypOwM8k=
687,251,WQ3z3tPqZDUtAmdLMfof5B852nw=,HLecopwbioxP4wNndCeJypOwM8k=
684,247,WQ3z3tPqZDUtAmdLMfof5B852nw=,HLecopwbioxP4wNndCeJypOwM8k=
687,247,WQ3z3tPqZDUtAmdLMfof5B852nw=,HLecopwbioxP4wNndCeJypOwM8k=
682,247,WQ3z3tPqZDUtAmdLMfof5B852nw=,HLecopwbioxP4wNndCeJypOwM8k=
681,247,WQ3z3tPqZDUtAmdLMfof5B852nw=,HLecopwbioxP4wNndCeJypOwM8k=
680,247,WQ3z3tPqZDUtAmdLMfof5B852nw=,HLecopwbioxP4wNndCeJypOwM8k=
679,247,WQ3z3tPqZDUtAmdLMfof5B852nw=,HLecopwbioxP4wNndCeJypOwM8k=
681,240,WQ3z3tPqZDUtAmdLMfof5B852nw=,HLecopwbioxP4wNndCeJypOwM8k=
687,255,WQ3z3tPqZDUtAmdLMfof5B852nw=,HLecopwbioxP4wNndCeJypOwM8k=
678,247,WQ3z3tPqZDUtAmdLMfof5B852nw=,HLecopwbioxP4wNndCeJypOwM8k=
674,243,WQ3z3tPqZDUtAmdLMfof5B852nw=,HLecopwbioxP4wNndCeJypOwM8k=
677,247,WQ3z3tPqZDUtAmdLMfof5B852nw=,HLecopwbioxP4wNndCeJypOwM8k=
676,247,WQ3z3tPqZDUtAmdLMfof5B852nw=,HLecopwbioxP4wNndCeJypOwM8k=
675,247,WQ3z3tPqZDUtAmdLMfof5B852nw=,HLecopwbioxP4wNndCeJypOwM8k=
674,247,WQ3z3tPqZDUtAmdLMfof5B852nw=,HLecopwbioxP4wNndCeJypOwM8k=
673,247,WQ3z3tPqZDUtAmdLMfof5B852nw=,HLecopwbioxP4wNndCeJypOwM8k=
686,248,WQ3z3tPqZDUtAmdLMfof5B852nw=,HLecopwbioxP4wNndCeJypOwM8k=
672,247,WQ3z3tPqZDUtAmdLMfof5B852nw=,HLecopwbioxP4wNndCeJypOwM8k=
686,247,WQ3z3tPqZDUtAmdLMfof5B852nw=,HLecopwbioxP4wNndCeJypOwM8k=
683,247,WQ3z3tPqZDUtAmdLMfof5B852nw=,HLecopwbioxP4wNndCeJypOwM8k=
679,242,WQ3z3tPqZDUtAmdLMfof5B852nw=,HLecopwbioxP4wNndCeJypOwM8k=
682,246,WQ3z3tPqZDUtAmdLMfof5B852nw=,HLecopwbioxP4wNndCeJypOwM8k=
681,246,WQ3z3tPqZDUtAmdLMfof5B852nw=,HLecopwbioxP4wNndCeJypOwM8k=
675,241,WQ3z3tPqZDUtAmdLMfof5B852nw=,HLecopwbioxP4wNndCeJypOwM8k=
680,246,WQ3z3tPqZDUtAmdLMfof5B852nw=,HLecopwbioxP4wNndCeJypOwM8k=
678,246,WQ3z3tPqZDUtAmdLMfof5B852nw=,HLecopwbioxP4wNndCeJypOwM8k=
679,246,WQ3z3tPqZDUtAmdLMfof5B852nw=,HLecopwbioxP4wNndCeJypOwM8k=
680,240,WQ3z3tPqZDUtAmdLMfof5B852nw=,HLecopwbioxP4wNndCeJypOwM8k=
677,246,WQ3z3tPqZDUtAmdLMfof5B852nw=,HLecopwbioxP4wNndCeJypOwM8k=
676,246,WQ3z3tPqZDUtAmdLMfof5B852nw=,HLecopwbioxP4wNndCeJypOwM8k=
675,246,WQ3z3tPqZDUtAmdLMfof5B852nw=,HLecopwbioxP4wNndCeJypOwM8k=
674,246,WQ3z3tPqZDUtAmdLMfof5B852nw=,HLecopwbioxP4wNndCeJypOwM8k=
673,246,WQ3z3tPqZDUtAmdLMfof5B852nw=,HLecopwbioxP4wNndCeJypOwM8k=
672,246,WQ3z3tPqZDUtAmdLMfof5B852nw=,HLecopwbioxP4wNndCeJypOwM8k=
687,245,WQ3z3tPqZDUtAmdLMfof5B852nw=,HLecopwbioxP4wNndCeJypOwM8k=
678,242,WQ3z3tPqZDUtAmdLMfof5B852nw=,HLecopwbioxP4wNndCeJypOwM8k=
687,246,WQ3z3tPqZDUtAmdLMfof5B852nw=,HLecopwbioxP4wNndCeJypOwM8k=
684,245,WQ3z3tPqZDUtAmdLMfof5B852nw=,HLecopwbioxP4wNndCeJypOwM8k=
683,245,WQ3z3tPqZDUtAmdLMfof5B852nw=,HLecopwbioxP4wNndCeJypOwM8k=
685,246,WQ3z3tPqZDUtAmdLMfof5B852nw=,HLecopwbioxP4wNndCeJypOwM8k=
683,246,WQ3z3tPqZDUtAmdLMfof5B852nw=,HLecopwbioxP4wNndCeJypOwM8k=
685,247,WQ3z3tPqZDUtAmdLMfof5B852nw=,HLecopwbioxP4wNndCeJypOwM8k=
681,245,WQ3z3tPqZDUtAmdLMfof5B852nw=,HLecopwbioxP4wNndCeJypOwM8k=
677,242,WQ3z3tPqZDUtAmdLMfof5B852nw=,HLecopwbioxP4wNndCeJypOwM8k=
686,245,WQ3z3tPqZDUtAmdLMfof5B852nw=,HLecopwbioxP4wNndCeJypOwM8k=
679,240,WQ3z3tPqZDUtAmdLMfof5B852nw=,HLecopwbioxP4wNndCeJypOwM8k=
682,245,WQ3z3tPqZDUtAmdLMfof5B852nw=,HLecopwbioxP4wNndCeJypOwM8k=
685,245,WQ3z3tPqZDUtAmdLMfof5B852nw=,HLecopwbioxP4wNndCeJypOwM8k=
675,245,WQ3z3tPqZDUtAmdLMfof5B852nw=,HLecopwbioxP4wNndCeJypOwM8k=
674,245,WQ3z3tPqZDUtAmdLMfof5B852nw=,HLecopwbioxP4wNndCeJypOwM8k=
673,245,WQ3z3tPqZDUtAmdLMfof5B852nw=,HLecopwbioxP4wNndCeJypOwM8k=
672,245,WQ3z3tPqZDUtAmdLMfof5B852nw=,HLecopwbioxP4wNndCeJypOwM8k=
678,240,WQ3z3tPqZDUtAmdLMfof5B852nw=,HLecopwbioxP4wNndCeJypOwM8k=
684,246,WQ3z3tPqZDUtAmdLMfof5B852nw=,HLecopwbioxP4wNndCeJypOwM8k=
679,245,WQ3z3tPqZDUtAmdLMfof5B852nw=,HLecopwbioxP4wNndCeJypOwM8k=
676,242,WQ3z3tPqZDUtAmdLMfof5B852nw=,HLecopwbioxP4wNndCeJypOwM8k=
684,244,WQ3z3tPqZDUtAmdLMfof5B852nw=,HLecopwbioxP4wNndCeJypOwM8k=
675,243,WQ3z3tPqZDUtAmdLMfof5B852nw=,HLecopwbioxP4wNndCeJypOwM8k=
672,242,WQ3z3tPqZDUtAmdLMfof5B852nw=,HLecopwbioxP4wNndCeJypOwM8k=
680,245,WQ3z3tPqZDUtAmdLMfof5B852nw=,HLecopwbioxP4wNndCeJypOwM8k=
685,244,WQ3z3tPqZDUtAmdLMfof5B852nw=,HLecopwbioxP4wNndCeJypOwM8k=
687,244,WQ3z3tPqZDUtAmdLMfof5B852nw=,HLecopwbioxP4wNndCeJypOwM8k=
678,245,WQ3z3tPqZDUtAmdLMfof5B852nw=,HLecopwbioxP4wNndCeJypOwM8k=
675,242,WQ3z3tPqZDUtAmdLMfof5B852nw=,HLecopwbioxP4wNndCeJypOwM8k=
682,244,WQ3z3tPqZDUtAmdLMfof5B852nw=,HLecopwbioxP4wNndCeJypOwM8k=
677,244,WQ3z3tPqZDUtAmdLMfof5B852nw=,HLecopwbioxP4wNndCeJypOwM8k=
676,245,WQ3z3tPqZDUtAmdLMfof5B852nw=,HLecopwbioxP4wNndCeJypOwM8k=
677,240,WQ3z3tPqZDUtAmdLMfof5B852nw=,HLecopwbioxP4wNndCeJypOwM8k=
677,245,WQ3z3tPqZDUtAmdLMfof5B852nw=,HLecopwbioxP4wNndCeJypOwM8k=
672,240,WQ3z3tPqZDUtAmdLMfof5B852nw=,HLecopwbioxP4wNndCeJypOwM8k=
679,244,WQ3z3tPqZDUtAmdLMfof5B852nw=,HLecopwbioxP4wNndCeJypOwM8k=
674,244,WQ3z3tPqZDUtAmdLMfof5B852nw=,HLecopwbioxP4wNndCeJypOwM8k=
673,244,WQ3z3tPqZDUtAmdLMfof5B852nw=,HLecopwbioxP4wNndCeJypOwM8k=
672,244,WQ3z3tPqZDUtAmdLMfof5B852nw=,HLecopwbioxP4wNndCeJypOwM8k=
673,242,WQ3z3tPqZDUtAmdLMfof5B852nw=,HLecopwbioxP4wNndCeJypOwM8k=
680,244,WQ3z3tPqZDUtAmdLMfof5B852nw=,HLecopwbioxP4wNndCeJypOwM8k=
683,244,WQ3z3tPqZDUtAmdLMfof5B852nw=,HLecopwbioxP4wNndCeJypOwM8k=
674,242,WQ3z3tPqZDUtAmdLMfof5B852nw=,HLecopwbioxP4wNndCeJypOwM8k=
687,243,WQ3z3tPqZDUtAmdLMfof5B852nw=,HLecopwbioxP4wNndCeJypOwM8k=
684,243,WQ3z3tPqZDUtAmdLMfof5B852nw=,HLecopwbioxP4wNndCeJypOwM8k=
678,244,WQ3z3tPqZDUtAmdLMfof5B852nw=,HLecopwbioxP4wNndCeJypOwM8k=
681,243,WQ3z3tPqZDUtAmdLMfof5B852nw=,HLecopwbioxP4wNndCeJypOwM8k=
681,244,WQ3z3tPqZDUtAmdLMfof5B852nw=,HLecopwbioxP4wNndCeJypOwM8k=
675,244,WQ3z3tPqZDUtAmdLMfof5B852nw=,HLecopwbioxP4wNndCeJypOwM8k=
680,243,WQ3z3tPqZDUtAmdLMfof5B852nw=,HLecopwbioxP4wNndCeJypOwM8k=
686,244,WQ3z3tPqZDUtAmdLMfof5B852nw=,HLecopwbioxP4wNndCeJypOwM8k=
686,246,WQ3z3tPqZDUtAmdLMfof5B852nw=,HLecopwbioxP4wNndCeJypOwM8k=
679,243,WQ3z3tPqZDUtAmdLMfof5B852nw=,HLecopwbioxP4wNndCeJypOwM8k=
685,243,WQ3z3tPqZDUtAmdLMfof5B852nw=,HLecopwbioxP4wNndCeJypOwM8k=
676,243,WQ3z3tPqZDUtAmdLMfof5B852nw=,HLecopwbioxP4wNndCeJypOwM8k=
677,243,WQ3z3tPqZDUtAmdLMfof5B852nw=,HLecopwbioxP4wNndCeJypOwM8k=
678,243,WQ3z3tPqZDUtAmdLMfof5B852nw=,HLecopwbioxP4wNndCeJypOwM8k=
683,243,WQ3z3tPqZDUtAmdLMfof5B852nw=,HLecopwbioxP4wNndCeJypOwM8k=
676,244,WQ3z3tPqZDUtAmdLMfof5B852nw=,HLecopwbioxP4wNndCeJypOwM8k=
676,240,WQ3z3tPqZDUtAmdLMfof5B852nw=,HLecopwbioxP4wNndCeJypOwM8k=
686,243,WQ3z3tPqZDUtAmdLMfof5B852nw=,HLecopwbioxP4wNndCeJypOwM8k=
682,243,WQ3z3tPqZDUtAmdLMfof5B852nw=,HLecopwbioxP4wNndCeJypOwM8k=
691,240,HdzGvGgO7X7SHPtNKauiuWlkvIs=,Q2V/59XqyGiH3rD0Xx85ofDVEP0=
701,242,HdzGvGgO7X7SHPtNKauiuWlkvIs=,Q2V/59XqyGiH3rD0Xx85ofDVEP0=
700,242,HdzGvGgO7X7SHPtNKauiuWlkvIs=,Q2V/59XqyGiH3rD0Xx85ofDVEP0=
699,242,HdzGvGgO7X7SHPtNKauiuWlkvIs=,Q2V/59XqyGiH3rD0Xx85ofDVEP0=
698,242,HdzGvGgO7X7SHPtNKauiuWlkvIs=,Q2V/59XqyGiH3rD0Xx85ofDVEP0=
697,242,HdzGvGgO7X7SHPtNKauiuWlkvIs=,Q2V/59XqyGiH3rD0Xx85ofDVEP0=
700,243,HdzGvGgO7X7SHPtNKauiuWlkvIs=,Q2V/59XqyGiH3rD0Xx85ofDVEP0=
696,242,HdzGvGgO7X7SHPtNKauiuWlkvIs=,Q2V/59XqyGiH3rD0Xx85ofDVEP0=
695,242,HdzGvGgO7X7SHPtNKauiuWlkvIs=,Q2V/59XqyGiH3rD0Xx85ofDVEP0=
702,242,HdzGvGgO7X7SHPtNKauiuWlkvIs=,Q2V/59XqyGiH3rD0Xx85ofDVEP0=
693,242,HdzGvGgO7X7SHPtNKauiuWlkvIs=,Q2V/59XqyGiH3rD0Xx85ofDVEP0=
692,240,HdzGvGgO7X7SHPtNKauiuWlkvIs=,Q2V/59XqyGiH3rD0Xx85ofDVEP0=
694,242,HdzGvGgO7X7SHPtNKauiuWlkvIs=,Q2V/59XqyGiH3rD0Xx85ofDVEP0=
703,241,HdzGvGgO7X7SHPtNKauiuWlkvIs=,Q2V/59XqyGiH3rD0Xx85ofDVEP0=
692,242,HdzGvGgO7X7SHPtNKauiuWlkvIs=,Q2V/59XqyGiH3rD0Xx85ofDVEP0=
691,242,HdzGvGgO7X7SHPtNKauiuWlkvIs=,Q2V/59XqyGiH3rD0Xx85ofDVEP0=
701,243,HdzGvGgO7X7SHPtNKauiuWlkvIs=,Q2V/59XqyGiH3rD0Xx85ofDVEP0=
690,242,HdzGvGgO7X7SHPtNKauiuWlkvIs=,Q2V/59XqyGiH3rD0Xx85ofDVEP0=
703,255,HdzGvGgO7X7SHPtNKauiuWlkvIs=,Q2V/59XqyGiH3rD0Xx85ofDVEP0=
689,242,HdzGvGgO7X7SHPtNKauiuWlkvIs=,Q2V/59XqyGiH3rD0Xx85ofDVEP0=
702,243,HdzGvGgO7X7SHPtNKauiuWlkvIs=,Q2V/59XqyGiH3rD0Xx85ofDVEP0=
688,242,HdzGvGgO7X7SHPtNKauiuWlkvIs=,Q2V/59XqyGiH3rD0Xx85ofDVEP0=
703,243,HdzGvGgO7X7SHPtNKauiuWlkvIs=,Q2V/59XqyGiH3rD0Xx85ofDVEP0=
690,240,HdzGvGgO7X7SHPtNKauiuWlkvIs=,Q2V/59XqyGiH3rD0Xx85ofDVEP0=
701,255,HdzGvGgO7X7SHPtNKauiuWlkvIs=,Q2V/59XqyGiH3rD0Xx85ofDVEP0=
700,255,HdzGvGgO7X7SHPtNKauiuWlkvIs=,Q2V/59XqyGiH3rD0Xx85ofDVEP0=
702,255,HdzGvGgO7X7SHPtNKauiuWlkvIs=,Q2V/59XqyGiH3rD0Xx85ofDVEP0=
698,243,HdzGvGgO7X7SHPtNKauiuWlkvIs=,Q2V/59XqyGiH3rD0Xx85ofDVEP0=
693,240,HdzGvGgO7X7SHPtNKauiuWlkvIs=,Q2V/59XqyGiH3rD0Xx85ofDVEP0=
698,255,HdzGvGgO7X7SHPtNKauiuWlkvIs=,Q2V/59XqyGiH3rD0Xx85ofDVEP0=
699,243,HdzGvGgO7X7SHPtNKauiuWlkvIs=,Q2V/59XqyGiH3rD0Xx85ofDVEP0=
697,255,HdzGvGgO7X7SHPtNKauiuWlkvIs=,Q2V/59XqyGiH3rD0Xx85ofDVEP0=
688,244,HdzGvGgO7X7SHPtNKauiuWlkvIs=,Q2V/59XqyGiH3rD0Xx85ofDVEP0=
699,255,HdzGvGgO7X7SHPtNKauiuWlkvIs=,Q2V/59XqyGiH3rD0Xx85ofDVEP0=
695,255,HdzGvGgO7X7SHPtNKauiuWlkvIs=,Q2V/59XqyGiH3rD0Xx85ofDVEP0=
690,241,HdzGvGgO7X7SHPtNKauiuWlkvIs=,Q2V/59XqyGiH3rD0Xx85ofDVEP0=
693,255,HdzGvGgO7X7SHPtNKauiuWlkvIs=,Q2V/59XqyGiH3rD0Xx85ofDVEP0=
692,255,HdzGvGgO7X7SHPtNKauiuWlkvIs=,Q2V/59XqyGiH3rD0Xx85ofDVEP0=
691,255,HdzGvGgO7X7SHPtNKauiuWlkvIs=,Q2V/59XqyGiH3rD0Xx85ofDVEP0=
694,255,HdzGvGgO7X7SHPtNKauiuWlkvIs=,Q2V/59XqyGiH3rD0Xx85ofDVEP0=
689,255,HdzGvGgO7X7SHPtNKauiuWlkvIs=,Q2V/59XqyGiH3rD0Xx85ofDVEP0=
696,255,HdzGvGgO7X7SHPtNKauiuWlkvIs=,Q2V/59XqyGiH3rD0Xx85ofDVEP0=
688,255,HdzGvGgO7X7SHPtNKauiuWlkvIs=,Q2V/59XqyGiH3rD0Xx85ofDVEP0=
703,254,HdzGvGgO7X7SHPtNKauiuWlkvIs=,Q2V/59XqyGiH3rD0Xx85ofDVEP0=
702,241,HdzGvGgO7X7SHPtNKauiuWlkvIs=,Q2V/59XqyGiH3rD0Xx85ofDVEP0=
689,244,HdzGvGgO7X7SHPtNKauiuWlkvIs=,Q2V/59XqyGiH3rD0Xx85ofDVEP0=
700,254,HdzGvGgO7X7SHPtNKauiuWlkvIs=,Q2V/59XqyGiH3rD0Xx85ofDVEP0=
690,255,HdzGvGgO7X7SHPtNKauiuWlkvIs=,Q2V/59XqyGiH3rD0Xx85ofDVEP0=
699,254,HdzGvGgO7X7SHPtNKauiuWlkvIs=,Q2V/59XqyGiH3rD0Xx85ofDVEP0=
698,254,HdzGvGgO7X7SHPtNKauiuWlkvIs=,Q2V/59XqyGiH3rD0Xx85ofDVEP0=
702,254,HdzGvGgO7X7SHPtNKauiuWlkvIs=,Q2V/59XqyGiH3rD0Xx85ofDVEP0=
697,254,HdzGvGgO7X7SHPtNKauiuWlkvIs=,Q2V/59XqyGiH3rD0Xx85ofDVEP0=
693,254,HdzGvGgO7X7SHPtNKauiuWlkvIs=,Q2V/59XqyGiH3rD0Xx85ofDVEP0=
694,254,HdzGvGgO7X7SHPtNKauiuWlkvIs=,Q2V/59XqyGiH3rD0Xx85ofDVEP0=
690,244,HdzGvGgO7X7SHPtNKauiuWlkvIs=,Q2V/59XqyGiH3rD0Xx85ofDVEP0=
701,254,HdzGvGgO7X7SHPtNKauiuWlkvIs=,Q2V/59XqyGiH3rD0Xx85ofDVEP0=
696,254,HdzGvGgO7X7SHPtNKauiuWlkvIs=,Q2V/59XqyGiH3rD0Xx85ofDVEP0=
695,254,HdzGvGgO7X7SHPtNKauiuWlkvIs=,Q2V/59XqyGiH3rD0Xx85ofDVEP0=
692,254,HdzGvGgO7X7SHPtNKauiuWlkvIs=,Q2V/59XqyGiH3rD0Xx85ofDVEP0=
690,254,HdzGvGgO7X7SHPtNKauiuWlkvIs=,Q2V/59XqyGiH3rD0Xx85ofDVEP0=
691,244,HdzGvGgO7X7SHPtNKauiuWlkvIs=,Q2V/59XqyGiH3rD0Xx85ofDVEP0=
691,254,HdzGvGgO7X7SHPtNKauiuWlkvIs=,Q2V/59XqyGiH3rD0Xx85ofDVEP0=
689,241,HdzGvGgO7X7SHPtNKauiuWlkvIs=,Q2V/59XqyGiH3rD0Xx85ofDVEP0=
689,254,HdzGvGgO7X7SHPtNKauiuWlkvIs=,Q2V/59XqyGiH3rD0Xx85ofDVEP0=
688,241,HdzGvGgO7X7SHPtNKauiuWlkvIs=,Q2V/59XqyGiH3rD0Xx85ofDVEP0=
688,254,HdzGvGgO7X7SHPtNKauiuWlkvIs=,Q2V/59XqyGiH3rD0Xx85ofDVEP0=
692,244,HdzGvGgO7X7SHPtNKauiuWlkvIs=,Q2V/59XqyGiH3rD0Xx85ofDVEP0=
697,243,HdzGvGgO7X7SHPtNKauiuWlkvIs=,Q2V/59XqyGiH3rD0Xx85ofDVEP0=
689,240,HdzGvGgO7X7SHPtNKauiuWlkvIs=,Q2V/59XqyGiH3rD0Xx85ofDVEP0=
703,253,HdzGvGgO7X7SHPtNKauiuWlkvIs=,Q2V/59XqyGiH3rD0Xx85ofDVEP0=
702,253,HdzGvGgO7X7SHPtNKauiuWlkvIs=,Q2V/59XqyGiH3rD0Xx85ofDVEP0=
701,253,HdzGvGgO7X7SHPtNKauiuWlkvIs=,Q2V/59XqyGiH3rD0Xx85ofDVEP0=
700,253,HdzGvGgO7X7SHPtNKauiuWlkvIs=,Q2V/59XqyGiH3rD0Xx85ofDVEP0=
693,244,HdzGvGgO7X7SHPtNKauiuWlkvIs=,Q2V/59XqyGiH3rD0Xx85ofDVEP0=
699,253,HdzGvGgO7X7SHPtNKauiuWlkvIs=,Q2V/59XqyGiH3rD0Xx85ofDVEP0=
698,253,HdzGvGgO7X7SHPtNKauiuWlkvIs=,Q2V/59XqyGiH3rD0Xx85ofDVEP0=
697,253,HdzGvGgO7X7SHPtNKauiuWlkvIs=,Q2V/59XqyGiH3rD0Xx85ofDVEP0=
695,253,HdzGvGgO7X7SHPtNKauiuWlkvIs=,Q2V/59XqyGiH3rD0Xx85ofDVEP0=
696,253,HdzGvGgO7X7SHPtNKauiuWlkvIs=,Q2V/59XqyGiH3rD0Xx85ofDVEP0=
694,253,HdzGvGgO7X7SHPtNKauiuWlkvIs=,Q2V/59XqyGiH3rD0Xx85ofDVEP0=
694,244,HdzGvGgO7X7SHPtNKauiuWlkvIs=,Q2V/59XqyGiH3rD0Xx85ofDVEP0=
691,253,HdzGvGgO7X7SHPtNKauiuWlkvIs=,Q2V/59XqyGiH3rD0Xx85ofDVEP0=
693,253,HdzGvGgO7X7SHPtNKauiuWlkvIs=,Q2V/59XqyGiH3rD0Xx85ofDVEP0=
692,253,HdzGvGgO7X7SHPtNKauiuWlkvIs=,Q2V/59XqyGiH3rD0Xx85ofDVEP0=
696,243,HdzGvGgO7X7SHPtNKauiuWlkvIs=,Q2V/59XqyGiH3rD0Xx85ofDVEP0=
703,240,HdzGvGgO7X7SHPtNKauiuWlkvIs=,Q2V/59XqyGiH3rD0Xx85ofDVEP0=
690,253,HdzGvGgO7X7SHPtNKauiuWlkvIs=,Q2V/59XqyGiH3rD0Xx85ofDVEP0=
695,244,HdzGvGgO7X7SHPtNKauiuWlkvIs=,Q2V/59XqyGiH3rD0Xx85ofDVEP0=
689,253,HdzGvGgO7X7SHPtNKauiuWlkvIs=,Q2V/59XqyGiH3rD0Xx85ofDVEP0=
701,241,HdzGvGgO7X7SHPtNKauiuWlkvIs=,Q2V/59XqyGiH3rD0Xx85ofDVEP0=
700,241,HdzGvGgO7X7SHPtNKauiuWlkvIs=,Q2V/59XqyGiH3rD0Xx85ofDVEP0=
703,252,HdzGvGgO7X7SHPtNKauiuWlkvIs=,Q2V/59XqyGiH3rD0Xx85ofDVEP0=
702,252,HdzGvGgO7X7SHPtNKauiuWlkvIs=,Q2V/59XqyGiH3rD0Xx85ofDVEP0=
696,244,HdzGvGgO7X7SHPtNKauiuWlkvIs=,Q2V/59XqyGiH3rD0Xx85ofDVEP0=
700,252,HdzGvGgO7X7SHPtNKauiuWlkvIs=,Q2V/59XqyGiH3rD0Xx85ofDVEP0=
701,252,HdzGvGgO7X7SHPtNKauiuWlkvIs=,Q2V/59XqyGiH3rD0Xx85ofDVEP0=
699,252,HdzGvGgO7X7SHPtNKauiuWlkvIs=,Q2V/59XqyGiH3rD0Xx85ofDVEP0=
698,252,HdzGvGgO7X7SHPtNKauiuWlkvIs=,Q2V/59XqyGiH3rD0Xx85ofDVEP0=
697,252,HdzGvGgO7X7SHPtNKauiuWlkvIs=,Q2V/59XqyGiH3rD0Xx85ofDVEP0=
696,252,HdzGvGgO7X7SHPtNKauiuWlkvIs=,Q2V/59XqyGiH3rD0Xx85ofDVEP0=
697,244,HdzGvGgO7X7SHPtNKauiuWlkvIs=,Q2V/59XqyGiH3rD0Xx85ofDVEP0=
695,252,HdzGvGgO7X7SHPtNKauiuWlkvIs=,Q2V/59XqyGiH3rD0Xx85ofDVEP0=
694,252,HdzGvGgO7X7SHPtNKauiuWlkvIs=,Q2V/59XqyGiH3rD0Xx85ofDVEP0=
702,240,HdzGvGgO7X7SHPtNKauiuWlkvIs=,Q2V/59XqyGiH3rD0Xx85ofDVEP0=
692,252,HdzGvGgO7X7SHPtNKauiuWlkvIs=,Q2V/59XqyGiH3rD0Xx85ofDVEP0=
693,252,HdzGvGgO7X7SHPtNKauiuWlkvIs=,Q2V/59XqyGiH3rD0Xx85ofDVEP0=
695,243,HdzGvGgO7X7SHPtNKauiuWlkvIs=,Q2V/59XqyGiH3rD0Xx85ofDVEP0=
698,244,HdzGvGgO7X7SHPtNKauiuWlkvIs=,Q2V/59XqyGiH3rD0Xx85ofDVEP0=
703,251,HdzGvGgO7X7SHPtNKauiuWlkvIs=,Q2V/59XqyGiH3rD0Xx85ofDVEP0=
691,252,HdzGvGgO7X7SHPtNKauiuWlkvIs=,Q2V/59XqyGiH3rD0Xx85ofDVEP0=
702,251,HdzGvGgO7X7SHPtNKauiuWlkvIs=,Q2V/59XqyGiH3rD0Xx85ofDVEP0=
699,241,HdzGvGgO7X7SHPtNKauiuWlkvIs=,Q2V/59XqyGiH3rD0Xx85ofDVEP0=
701,251,HdzGvGgO7X7SHPtNKauiuWlkvIs=,Q2V/59XqyGiH3rD0Xx85ofDVEP0=
703,242,HdzGvGgO7X7SHPtNKauiuWlkvIs=,Q2V/59XqyGiH3rD0Xx85ofDVEP0=
698,251,HdzGvGgO7X7SHPtNKauiuWlkvIs=,Q2V/59XqyGiH3rD0Xx85ofDVEP0=
699,251,HdzGvGgO7X7SHPtNKauiuWlkvIs=,Q2V/59XqyGiH3rD0Xx85ofDVEP0=
697,251,HdzGvGgO7X7SHPtNKauiuWlkvIs=,Q2V/59XqyGiH3rD0Xx85ofDVEP0=
700,251,HdzGvGgO7X7SHPtNKauiuWlkvIs=,Q2V/59XqyGiH3rD0Xx85ofDVEP0=
699,244,HdzGvGgO7X7SHPtNKauiuWlkvIs=,Q2V/59XqyGiH3rD0Xx85ofDVEP0=
696,251,HdzGvGgO7X7SHPtNKauiuWlkvIs=,Q2V/59XqyGiH3rD0Xx85ofDVEP0=
694,251,HdzGvGgO7X7SHPtNKauiuWlkvIs=,Q2V/59XqyGiH3rD0Xx85ofDVEP0=
695,251,HdzGvGgO7X7SHPtNKauiuWlkvIs=,Q2V/59XqyGiH3rD0Xx85ofDVEP0=
693,251,HdzGvGgO7X7SHPtNKauiuWlkvIs=,Q2V/59XqyGiH3rD0Xx85ofDVEP0=
694,240,HdzGvGgO7X7SHPtNKauiuWlkvIs=,Q2V/59XqyGiH3rD0Xx85ofDVEP0=
701,240,HdzGvGgO7X7SHPtNKauiuWlkvIs=,Q2V/59XqyGiH3rD0Xx85ofDVEP0=
694,243,HdzGvGgO7X7SHPtNKauiuWlkvIs=,Q2V/59XqyGiH3rD0Xx85ofDVEP0=
692,251,HdzGvGgO7X7SHPtNKauiuWlkvIs=,Q2V/59XqyGiH3rD0Xx85ofDVEP0=
700,244,HdzGvGgO7X7SHPtNKauiuWlkvIs=,Q2V/59XqyGiH3rD0Xx85ofDVEP0=
691,251,HdzGvGgO7X7SHPtNKauiuWlkvIs=,Q2V/59XqyGiH3rD0Xx85ofDVEP0=
701,244,HdzGvGgO7X7SHPtNKauiuWlkvIs=,Q2V/59XqyGiH3rD0Xx85ofDVEP0=
698,241,HdzGvGgO7X7SHPtNKauiuWlkvIs=,Q2V/59XqyGiH3rD0Xx85ofDVEP0=
688,240,HdzGvGgO7X7SHPtNKauiuWlkvIs=,Q2V/59XqyGiH3rD0Xx85ofDVEP0=
703,250,HdzGvGgO7X7SHPtNKauiuWlkvIs=,Q2V/59XqyGiH3rD0Xx85ofDVEP0=
702,244,HdzGvGgO7X7SHPtNKauiuWlkvIs=,Q2V/59XqyGiH3rD0Xx85ofDVEP0=
702,250,HdzGvGgO7X7SHPtNKauiuWlkvIs=,Q2V/59XqyGiH3rD0Xx85ofDVEP0=
703,244,HdzGvGgO7X7SHPtNKauiuWlkvIs=,Q2V/59XqyGiH3rD0Xx85ofDVEP0=
701,250,HdzGvGgO7X7SHPtNKauiuWlkvIs=,Q2V/59XqyGiH3rD0Xx85ofDVEP0=
688,245,HdzGvGgO7X7SHPtNKauiuWlkvIs=,Q2V/59XqyGiH3rD0Xx85ofDVEP0=
691,241,HdzGvGgO7X7SHPtNKauiuWlkvIs=,Q2V/59XqyGiH3rD0Xx85ofDVEP0=
700,250,HdzGvGgO7X7SHPtNKauiuWlkvIs=,Q2V/59XqyGiH3rD0Xx85ofDVEP0=
699,250,HdzGvGgO7X7SHPtNKauiuWlkvIs=,Q2V/59XqyGiH3rD0Xx85ofDVEP0=
698,250,HdzGvGgO7X7SHPtNKauiuWlkvIs=,Q2V/59XqyGiH3rD0Xx85ofDVEP0=
697,250,HdzGvGgO7X7SHPtNKauiuWlkvIs=,Q2V/59XqyGiH3rD0Xx85ofDVEP0=
695,250,HdzGvGgO7X7SHPtNKauiuWlkvIs=,Q2V/59XqyGiH3rD0Xx85ofDVEP0=
696,250,HdzGvGgO7X7SHPtNKauiuWlkvIs=,Q2V/59XqyGiH3rD0Xx85ofDVEP0=
694,250,HdzGvGgO7X7SHPtNKauiuWlkvIs=,Q2V/59XqyGiH3rD0Xx85ofDVEP0=
700,240,HdzGvGgO7X7SHPtNKauiuWlkvIs=,Q2V/59XqyGiH3rD0Xx85ofDVEP0=
693,243,HdzGvGgO7X7SHPtNKauiuWlkvIs=,Q2V/59XqyGiH3rD0Xx85ofDVEP0=
693,250,HdzGvGgO7X7SHPtNKauiuWlkvIs=,Q2V/59XqyGiH3rD0Xx85ofDVEP0=
691,250,HdzGvGgO7X7SHPtNKauiuWlkvIs=,Q2V/59XqyGiH3rD0Xx85ofDVEP0=
690,250,HdzGvGgO7X7SHPtNKauiuWlkvIs=,Q2V/59XqyGiH3rD0Xx85ofDVEP0=
692,250,HdzGvGgO7X7SHPtNKauiuWlkvIs=,Q2V/59XqyGiH3rD0Xx85ofDVEP0=
697,241,HdzGvGgO7X7SHPtNKauiuWlkvIs=,Q2V/59XqyGiH3rD0Xx85ofDVEP0=
703,249,HdzGvGgO7X7SHPtNKauiuWlkvIs=,Q2V/59XqyGiH3rD0Xx85ofDVEP0=
702,249,HdzGvGgO7X7SHPtNKauiuWlkvIs=,Q2V/59XqyGiH3rD0Xx85ofDVEP0=
701,249,HdzGvGgO7X7SHPtNKauiuWlkvIs=,Q2V/59XqyGiH3rD0Xx85ofDVEP0=
700,249,HdzGvGgO7X7SHPtNKauiuWlkvIs=,Q2V/59XqyGiH3rD0Xx85ofDVEP0=
699,249,HdzGvGgO7X7SHPtNKauiuWlkvIs=,Q2V/59XqyGiH3rD0Xx85ofDVEP0=
689,251,HdzGvGgO7X7SHPtNKauiuWlkvIs=,Q2V/59XqyGiH3rD0Xx85ofDVEP0=
697,249,HdzGvGgO7X7SHPtNKauiuWlkvIs=,Q2V/59XqyGiH3rD0Xx85ofDVEP0=
696,249,HdzGvGgO7X7SHPtNKauiuWlkvIs=,Q2V/59XqyGiH3rD0Xx85ofDVEP0=
695,249,HdzGvGgO7X7SHPtNKauiuWlkvIs=,Q2V/59XqyGiH3rD0Xx85ofDVEP0=
699,240,HdzGvGgO7X7SHPtNKauiuWlkvIs=,Q2V/59XqyGiH3rD0Xx85ofDVEP0=
692,243,HdzGvGgO7X7SHPtNKauiuWlkvIs=,Q2V/59XqyGiH3rD0Xx85ofDVEP0=
694,249,HdzGvGgO7X7SHPtNKauiuWlkvIs=,Q2V/59XqyGiH3rD0Xx85ofDVEP0=
693,249,HdzGvGgO7X7SHPtNKauiuWlkvIs=,Q2V/59XqyGiH3rD0Xx85ofDVEP0=
692,249,HdzGvGgO7X7SHPtNKauiuWlkvIs=,Q2V/59XqyGiH3rD0Xx85ofDVEP0=
690,251,HdzGvGgO7X7SHPtNKauiuWlkvIs=,Q2V/59XqyGiH3rD0Xx85ofDVEP0=
698,249,HdzGvGgO7X7SHPtNKauiuWlkvIs=,Q2V/59XqyGiH3rD0Xx85ofDVEP0=
689,252,HdzGvGgO7X7SHPtNKauiuWlkvIs=,Q2V/59XqyGiH3rD0Xx85ofDVEP0=
690,252,HdzGvGgO7X7SHPtNKauiuWlkvIs=,Q2V/59XqyGiH3rD0Xx85ofDVEP0=
688,253,HdzGvGgO7X7SHPtNKauiuWlkvIs=,Q2V/59XqyGiH3rD0Xx85ofDVEP0=
696,241,HdzGvGgO7X7SHPtNKauiuWlkvIs=,Q2V/59XqyGiH3rD0Xx85ofDVEP0=
703,248,HdzGvGgO7X7SHPtNKauiuWlkvIs=,Q2V/59XqyGiH3rD0Xx85ofDVEP0=
701,248,HdzGvGgO7X7SHPtNKauiuWlkvIs=,Q2V/59XqyGiH3rD0Xx85ofDVEP0=
700,248,HdzGvGgO7X7SHPtNKauiuWlkvIs=,Q2V/59XqyGiH3rD0Xx85ofDVEP0=
699,248,HdzGvGgO7X7SHPtNKauiuWlkvIs=,Q2V/59XqyGiH3rD0Xx85ofDVEP0=
698,248,HdzGvGgO7X7SHPtNKauiuWlkvIs=,Q2V/59XqyGiH3rD0Xx85ofDVEP0=
697,248,HdzGvGgO7X7SHPtNKauiuWlkvIs=,Q2V/59XqyGiH3rD0Xx85ofDVEP0=
698,240,HdzGvGgO7X7SHPtNKauiuWlkvIs=,Q2V/59XqyGiH3rD0Xx85ofDVEP0=
691,243,HdzGvGgO7X7SHPtNKauiuWlkvIs=,Q2V/59XqyGiH3rD0Xx85ofDVEP0=
695,248,HdzGvGgO7X7SHPtNKauiuWlkvIs=,Q2V/59XqyGiH3rD0Xx85ofDVEP0=
696,248,HdzGvGgO7X7SHPtNKauiuWlkvIs=,Q2V/59XqyGiH3rD0Xx85ofDVEP0=
694,248,HdzGvGgO7X7SHPtNKauiuWlkvIs=,Q2V/59XqyGiH3rD0Xx85ofDVEP0=
693,248,HdzGvGgO7X7SHPtNKauiuWlkvIs=,Q2V/59XqyGiH3rD0Xx85ofDVEP0=
692,248,HdzGvGgO7X7SHPtNKauiuWlkvIs=,Q2V/59XqyGiH3rD0Xx85ofDVEP0=
688,252,HdzGvGgO7X7SHPtNKauiuWlkvIs=,Q2V/59XqyGiH3rD0Xx85ofDVEP0=
688,250,HdzGvGgO7X7SHPtNKauiuWlkvIs=,Q2V/59XqyGiH3rD0Xx85ofDVEP0=
702,248,HdzGvGgO7X7SHPtNKauiuWlkvIs=,Q2V/59XqyGiH3rD0Xx85ofDVEP0=
689,245,HdzGvGgO7X7SHPtNKauiuWlkvIs=,Q2V/59XqyGiH3rD0Xx85ofDVEP0=
688,251,HdzGvGgO7X7SHPtNKauiuWlkvIs=,Q2V/59XqyGiH3rD0Xx85ofDVEP0=
695,241,HdzGvGgO7X7SHPtNKauiuWlkvIs=,Q2V/59XqyGiH3rD0Xx85ofDVEP0=
703,247,HdzGvGgO7X7SHPtNKauiuWlkvIs=,Q2V/59XqyGiH3rD0Xx85ofDVEP0=
690,249,HdzGvGgO7X7SHPtNKauiuWlkvIs=,Q2V/59XqyGiH3rD0Xx85ofDVEP0=
701,247,HdzGvGgO7X7SHPtNKauiuWlkvIs=,Q2V/59XqyGiH3rD0Xx85ofDVEP0=
700,247,HdzGvGgO7X7SHPtNKauiuWlkvIs=,Q2V/59XqyGiH3rD0Xx85ofDVEP0=
699,247,HdzGvGgO7X7SHPtNKauiuWlkvIs=,Q2V/59XqyGiH3rD0Xx85ofDVEP0=
698,247,HdzGvGgO7X7SHPtNKauiuWlkvIs=,Q2V/59XqyGiH3rD0Xx85ofDVEP0=
697,247,HdzGvGgO7X7SHPtNKauiuWlkvIs=,Q2V/59XqyGiH3rD0Xx85ofDVEP0=
697,240,HdzGvGgO7X7SHPtNKauiuWlkvIs=,Q2V/59XqyGiH3rD0Xx85ofDVEP0=
690,243,HdzGvGgO7X7SHPtNKauiuWlkvIs=,Q2V/59XqyGiH3rD0Xx85ofDVEP0=
695,247,HdzGvGgO7X7SHPtNKauiuWlkvIs=,Q2V/59XqyGiH3rD0Xx85ofDVEP0=
696,247,HdzGvGgO7X7SHPtNKauiuWlkvIs=,Q2V/59XqyGiH3rD0Xx85ofDVEP0=
694,247,HdzGvGgO7X7SHPtNKauiuWlkvIs=,Q2V/59XqyGiH3rD0Xx85ofDVEP0=
693,247,HdzGvGgO7X7SHPtNKauiuWlkvIs=,Q2V/59XqyGiH3rD0Xx85ofDVEP0=
692,247,HdzGvGgO7X7SHPtNKauiuWlkvIs=,Q2V/59XqyGiH3rD0Xx85ofDVEP0=
689,249,HdzGvGgO7X7SHPtNKauiuWlkvIs=,Q2V/59XqyGiH3rD0Xx85ofDVEP0=
689,247,HdzGvGgO7X7SHPtNKauiuWlkvIs=,Q2V/59XqyGiH3rD0Xx85ofDVEP0=
688,247,HdzGvGgO7X7SHPtNKauiuWlkvIs=,Q2V/59XqyGiH3rD0Xx85ofDVEP0=
690,247,HdzGvGgO7X7SHPtNKauiuWlkvIs=,Q2V/59XqyGiH3rD0Xx85ofDVEP0=
703,246,HdzGvGgO7X7SHPtNKauiuWlkvIs=,Q2V/59XqyGiH3rD0Xx85ofDVEP0=
702,246,HdzGvGgO7X7SHPtNKauiuWlkvIs=,Q2V/59XqyGiH3rD0Xx85ofDVEP0=
694,241,HdzGvGgO7X7SHPtNKauiuWlkvIs=,Q2V/59XqyGiH3rD0Xx85ofDVEP0=
701,246,HdzGvGgO7X7SHPtNKauiuWlkvIs=,Q2V/59XqyGiH3rD0Xx85ofDVEP0=
688,249,HdzGvGgO7X7SHPtNKauiuWlkvIs=,Q2V/59XqyGiH3rD0Xx85ofDVEP0=
700,246,HdzGvGgO7X7SHPtNKauiuWlkvIs=,Q2V/59XqyGiH3rD0Xx85ofDVEP0=
699,246,HdzGvGgO7X7SHPtNKauiuWlkvIs=,Q2V/59XqyGiH3rD0Xx85ofDVEP0=
698,246,HdzGvGgO7X7SHPtNKauiuWlkvIs=,Q2V/59XqyGiH3rD0Xx85ofDVEP0=
696,240,HdzGvGgO7X7SHPtNKauiuWlkvIs=,Q2V/59XqyGiH3rD0Xx85ofDVEP0=
689,243,HdzGvGgO7X7SHPtNKauiuWlkvIs=,Q2V/59XqyGiH3rD0Xx85ofDVEP0=
697,246,HdzGvGgO7X7SHPtNKauiuWlkvIs=,Q2V/59XqyGiH3rD0Xx85ofDVEP0=
696,246,HdzGvGgO7X7SHPtNKauiuWlkvIs=,Q2V/59XqyGiH3rD0Xx85ofDVEP0=
695,246,HdzGvGgO7X7SHPtNKauiuWlkvIs=,Q2V/59XqyGiH3rD0Xx85ofDVEP0=
693,246,HdzGvGgO7X7SHPtNKauiuWlkvIs=,Q2V/59XqyGiH3rD0Xx85ofDVEP0=
694,246,HdzGvGgO7X7SHPtNKauiuWlkvIs=,Q2V/59XqyGiH3rD0Xx85ofDVEP0=
692,246,HdzGvGgO7X7SHPtNKauiuWlkvIs=,Q2V/59XqyGiH3rD0Xx85ofDVEP0=
690,245,HdzGvGgO7X7SHPtNKauiuWlkvIs=,Q2V/59XqyGiH3rD0Xx85ofDVEP0=
691,245,HdzGvGgO7X7SHPtNKauiuWlkvIs=,Q2V/59XqyGiH3rD0Xx85ofDVEP0=
692,245,HdzGvGgO7X7SHPtNKauiuWlkvIs=,Q2V/59XqyGiH3rD0Xx85ofDVEP0=
693,245,HdzGvGgO7X7SHPtNKauiuWlkvIs=,Q2V/59XqyGiH3rD0Xx85ofDVEP0=
694,245,HdzGvGgO7X7SHPtNKauiuWlkvIs=,Q2V/59XqyGiH3rD0Xx85ofDVEP0=
695,245,HdzGvGgO7X7SHPtNKauiuWlkvIs=,Q2V/59XqyGiH3rD0Xx85ofDVEP0=
697,245,HdzGvGgO7X7SHPtNKauiuWlkvIs=,Q2V/59XqyGiH3rD0Xx85ofDVEP0=
698,245,HdzGvGgO7X7SHPtNKauiuWlkvIs=,Q2V/59XqyGiH3rD0Xx85ofDVEP0=
696,245,HdzGvGgO7X7SHPtNKauiuWlkvIs=,Q2V/59XqyGiH3rD0Xx85ofDVEP0=
688,243,HdzGvGgO7X7SHPtNKauiuWlkvIs=,Q2V/59XqyGiH3rD0Xx85ofDVEP0=
692,241,HdzGvGgO7X7SHPtNKauiuWlkvIs=,Q2V/59XqyGiH3rD0Xx85ofDVEP0=
695,240,HdzGvGgO7X7SHPtNKauiuWlkvIs=,Q2V/59XqyGiH3rD0Xx85ofDVEP0=
699,245,HdzGvGgO7X7SHPtNKauiuWlkvIs=,Q2V/59XqyGiH3rD0Xx85ofDVEP0=
701,245,HdzGvGgO7X7SHPtNKauiuWlkvIs=,Q2V/59XqyGiH3rD0Xx85ofDVEP0=
700,245,HdzGvGgO7X7SHPtNKauiuWlkvIs=,Q2V/59XqyGiH3rD0Xx85ofDVEP0=
702,245,HdzGvGgO7X7SHPtNKauiuWlkvIs=,Q2V/59XqyGiH3rD0Xx85ofDVEP0=
703,245,HdzGvGgO7X7SHPtNKauiuWlkvIs=,Q2V/59XqyGiH3rD0Xx85ofDVEP0=
693,241,HdzGvGgO7X7SHPtNKauiuWlkvIs=,Q2V/59XqyGiH3rD0Xx85ofDVEP0=
688,246,HdzGvGgO7X7SHPtNKauiuWlkvIs=,Q2V/59XqyGiH3rD0Xx85ofDVEP0=
691,246,HdzGvGgO7X7SHPtNKauiuWlkvIs=,Q2V/59XqyGiH3rD0Xx85ofDVEP0=
691,248,HdzGvGgO7X7SHPtNKauiuWlkvIs=,Q2V/59XqyGiH3rD0Xx85ofDVEP0=
690,246,HdzGvGgO7X7SHPtNKauiuWlkvIs=,Q2V/59XqyGiH3rD0Xx85ofDVEP0=
702,247,HdzGvGgO7X7SHPtNKauiuWlkvIs=,Q2V/59XqyGiH3rD0Xx85ofDVEP0=
689,246,HdzGvGgO7X7SHPtNKauiuWlkvIs=,Q2V/59XqyGiH3rD0Xx85ofDVEP0=
689,248,HdzGvGgO7X7SHPtNKauiuWlkvIs=,Q2V/59XqyGiH3rD0Xx85ofDVEP0=
691,247,HdzGvGgO7X7SHPtNKauiuWlkvIs=,Q2V/59XqyGiH3rD0Xx85ofDVEP0=
689,250,HdzGvGgO7X7SHPtNKauiuWlkvIs=,Q2V/59XqyGiH3rD0Xx85ofDVEP0=
690,248,HdzGvGgO7X7SHPtNKauiuWlkvIs=,Q2V/59XqyGiH3rD0Xx85ofDVEP0=
688,248,HdzGvGgO7X7SHPtNKauiuWlkvIs=,Q2V/59XqyGiH3rD0Xx85ofDVEP0=
691,249,HdzGvGgO7X7SHPtNKauiuWlkvIs=,Q2V/59XqyGiH3rD0Xx85ofDVEP0=
